28
70 19 Inf 57
59 49 3 50
33 21 1 26
6 3 Inf Inf
1 1 1 1
27 Inf Inf 3
17 16 Inf 5
62 29 1 45
31 Inf Inf 1
53 25 17 Inf
21 14 13 5
19 16 Inf 16
108 97 100 106
52 38 17 6
5 Inf 1 5
8 2 8 3
97 80 64 91
8 Inf 2 Inf
47 32 36 42
67 Inf 50 Inf
17 16 9 2
8 1 8 2
3 1 1 2
21 13 12 9
107 Inf 72 107
3 3 3 Inf
2 Inf Inf 1
72 30 51 48
1 3
1 4
1 5
1 8
1 19
1 21
1 22
1 23
1 24
1 26
2 6
2 17
3 28
4 28
5 28
6 7
7 18
8 9
9 10
10 11
10 12
11 15
12 13
13 14
13 16
14 28
15 28
16 28
17 28
18 28
19 20
20 28
21 28
22 28
23 28
24 25
25 28
26 27
27 28
-1 -1
