70
17 Inf 15 3 4 Inf 16 Inf 2 2
66 7 22 11 43 Inf Inf 63 Inf Inf
54 10 42 26 11 Inf 38 53 Inf 44
52 9 26 49 39 45 Inf 14 8 Inf
6 Inf 3 1 2 5 Inf 1 2 4
88 71 Inf Inf Inf Inf Inf 53 3 10
21 6 12 Inf 21 2 2 3 Inf 18
128 89 Inf 48 Inf 41 105 30 55 107
68 50 5 16 35 53 21 Inf 48 46
70 43 Inf Inf 41 4 Inf Inf 50 19
85 85 49 Inf 56 35 62 36 41 13
21 13 Inf 1 21 Inf 1 7 18 Inf
134 37 Inf Inf Inf 115 129 Inf 114 63
135 93 125 86 Inf 31 33 100 39 33
94 54 55 48 21 20 41 49 52 89
90 Inf Inf 29 9 34 Inf 66 87 5
50 Inf Inf 12 Inf Inf Inf 5 39 34
143 67 Inf 36 Inf 117 43 11 Inf 20
19 10 18 2 9 Inf 1 16 Inf Inf
54 49 Inf 44 4 42 25 10 4 2
50 5 39 37 Inf Inf 24 15 Inf 6
40 36 Inf Inf Inf 24 28 Inf 9 6
73 Inf Inf 22 56 66 Inf 19 69 Inf
12 5 3 11 2 12 2 2 5 Inf
152 Inf Inf 50 34 6 67 Inf Inf 23
42 7 9 Inf 10 3 Inf 10 19 40
45 26 25 11 5 Inf 10 11 Inf Inf
74 32 33 13 Inf 29 Inf Inf Inf 52
26 Inf 8 23 19 23 Inf 17 17 19
11 10 11 9 1 4 10 10 Inf 3
31 26 Inf 19 Inf 28 1 Inf Inf 16
50 Inf 34 2 21 Inf 37 5 43 25
102 52 3 47 Inf 44 17 16 25 8
46 31 Inf 17 Inf Inf 1 19 41 32
35 7 9 11 17 5 29 Inf 4 16
40 31 13 10 5 31 31 10 30 Inf
2 1 2 Inf 2 2 Inf Inf 1 2
1 1 1 1 1 1 1 1 1 Inf
3 Inf 3 3 1 3 Inf 3 3 1
13 1 12 2 10 10 3 Inf 5 3
16 15 Inf 4 13 Inf 14 Inf 4 5
25 2 Inf 12 5 6 17 6 18 Inf
21 5 Inf 21 2 4 18 17 2 5
43 2 Inf 1 37 8 Inf 6 21 31
30 4 9 9 23 9 13 3 8 10
83 Inf 33 37 53 25 42 33 74 46
89 Inf Inf 8 Inf 84 Inf 32 56 Inf
56 23 42 26 15 49 4 26 13 33
59 36 21 50 53 35 Inf 39 16 32
43 12 Inf 1 29 Inf 36 3 19 31
11 Inf 4 2 Inf 11 Inf Inf Inf Inf
26 Inf Inf 26 25 10 15 23 14 Inf
44 Inf 20 Inf 35 Inf Inf 7 Inf 41
121 Inf Inf 25 Inf 35 12 Inf 13 13
38 2 2 31 24 14 2 18 4 9
68 2 Inf Inf 18 16 23 21 2 54
22 10 Inf 2 22 Inf 14 Inf Inf Inf
7 6 5 Inf 3 1 6 Inf 7 2
16 14 5 2 Inf 1 5 Inf 8 6
32 14 3 12 22 30 Inf Inf Inf 3
25 Inf 22 Inf 15 19 Inf Inf 19 Inf
27 Inf Inf 5 Inf 10 20 10 25 Inf
156 149 37 92 64 Inf Inf 30 43 127
28 21 15 21 22 9 5 13 4 7
15 Inf 8 7 Inf 10 2 12 12 Inf
26 25 Inf 12 25 15 4 11 16 13
18 16 7 11 15 17 5 13 1 Inf
72 4 Inf 25 67 1 38 Inf 10 12
23 10 13 Inf 12 23 Inf 19 7 Inf
27 19 20 16 8 2 Inf Inf Inf Inf
1 2
1 41
1 69
1 70
2 3
3 4
3 68
4 6
4 7
5 6
5 24
5 30
6 8
7 8
8 12
9 10
10 11
11 12
12 13
12 14
13 23
14 23
15 16
16 17
16 18
17 19
18 19
19 20
19 22
19 57
20 21
21 23
22 23
23 25
23 31
23 33
24 25
25 26
25 27
25 28
25 29
26 35
27 35
28 35
29 35
30 31
31 32
32 35
33 34
34 35
35 36
35 44
35 48
35 51
35 53
35 56
35 60
35 61
35 62
36 37
37 38
38 39
39 40
40 42
41 42
42 43
43 50
44 45
45 46
46 47
47 50
48 49
49 50
51 52
52 54
53 54
54 55
57 58
58 59
59 60
61 65
62 63
63 64
64 65
64 66
64 67-1 -1
