28
70 67 61 Inf
59 59 8 54
33 Inf Inf 33
6 Inf 3 Inf
1 1 1 Inf
27 14 5 25
17 11 Inf Inf
62 2 47 47
31 1 Inf 26
53 47 19 38
21 6 3 19
19 3 6 Inf
108 79 Inf 21
52 34 Inf 52
5 Inf 2 Inf
8 8 3 4
97 88 20 78
8 Inf 7 1
47 14 4 Inf
67 49 23 43
17 1 14 4
8 4 Inf 1
3 3 2 1
21 2 19 12
107 4 Inf 6
3 Inf 1 1
2 2 Inf 2
72 21 60 54
1 3
1 4
1 5
1 8
1 19
1 21
1 22
1 23
1 24
1 26
2 6
2 17
3 28
4 28
5 28
6 7
7 18
8 9
9 10
10 11
10 12
11 15
12 13
13 14
13 16
14 28
15 28
16 28
17 28
18 28
19 20
20 28
21 28
22 28
23 28
24 25
25 28
26 27
27 28
-1 -1
