70
17 7 Inf 5 Inf Inf 4 Inf 7 Inf
66 Inf 17 5 2 46 29 24 7 8
54 32 Inf 48 18 16 Inf 47 Inf 8
52 3 34 15 41 31 47 9 37 5
6 Inf 4 Inf 2 Inf 1 3 Inf 3
88 8 64 Inf 32 7 Inf 54 77 Inf
21 1 Inf 19 4 17 Inf 6 5 Inf
128 34 2 Inf 34 29 17 Inf Inf 94
68 35 15 64 Inf 22 61 13 59 32
70 35 9 45 58 50 Inf Inf 1 45
85 15 73 Inf 47 53 63 53 63 Inf
21 3 12 21 2 18 4 9 8 20
134 Inf 33 Inf 20 5 5 10 93 77
135 132 76 26 3 15 Inf 28 5 127
94 10 Inf Inf 87 19 4 42 64 11
90 31 11 52 87 56 Inf 77 87 64
50 46 29 Inf 21 Inf 16 27 27 9
143 40 9 Inf 28 32 97 55 102 Inf
19 19 Inf 8 8 5 13 17 17 15
54 Inf Inf Inf 35 20 Inf 3 Inf 48
50 31 13 24 9 Inf 39 20 42 12
40 13 7 10 2 Inf 39 Inf 3 28
73 Inf 15 Inf 61 Inf Inf Inf 55 Inf
12 11 Inf 10 4 6 10 Inf 3 12
152 Inf 50 32 100 89 8 109 79 Inf
42 38 23 Inf 33 23 9 Inf 5 26
45 6 16 7 19 Inf 7 36 42 27
74 Inf Inf 7 44 20 Inf 21 8 68
26 7 9 5 5 2 11 Inf 11 Inf
11 4 Inf 5 10 1 10 8 3 7
31 Inf 9 7 5 Inf 31 25 7 6
50 45 Inf 46 3 40 47 Inf 50 50
102 36 23 88 86 40 Inf Inf 66 Inf
46 3 14 9 Inf 10 22 22 12 3
35 7 24 17 19 24 3 2 10 34
40 15 14 21 39 34 33 34 12 4
2 2 1 1 1 1 Inf 1 Inf 1
1 Inf 1 Inf 1 Inf Inf 1 1 Inf
3 3 1 Inf 3 2 Inf 3 1 Inf
13 1 11 3 Inf 5 Inf 10 6 9
16 16 10 Inf 10 14 Inf 13 4 Inf
25 Inf 6 4 18 15 6 11 2 23
21 18 3 5 18 1 7 19 Inf 10
43 Inf 26 Inf 35 7 24 Inf Inf Inf
30 27 13 26 Inf 8 6 18 7 3
83 82 65 Inf Inf 39 54 12 68 13
89 61 56 5 20 52 39 68 28 3
56 Inf 32 17 31 44 36 Inf 27 10
59 27 35 Inf 58 8 43 6 20 27
43 Inf Inf 30 Inf 2 20 27 15 2
11 1 Inf 4 Inf 1 6 10 10 Inf
26 16 Inf 24 2 Inf 21 17 2 20
44 3 9 42 43 8 29 Inf Inf 13
121 3 15 77 103 46 Inf 75 109 102
38 19 Inf 38 Inf 36 Inf 11 37 22
68 7 39 15 32 16 Inf Inf 51 Inf
22 9 20 11 Inf 14 14 11 13 1
7 1 7 7 3 Inf 1 Inf 1 1
16 Inf 6 4 Inf 11 14 16 Inf Inf
32 24 23 Inf 17 29 Inf Inf 25 12
25 9 Inf Inf 6 1 9 3 21 5
27 15 6 1 22 14 14 5 20 22
156 Inf 20 Inf 53 153 108 124 76 110
28 9 28 14 25 28 2 16 Inf Inf
15 2 Inf 10 7 13 3 11 9 14
26 19 Inf 2 20 Inf 19 14 3 11
18 3 8 10 9 Inf 1 6 9 1
72 49 68 68 Inf 32 Inf Inf Inf Inf
23 23 Inf 2 13 3 12 Inf 18 23
27 15 2 15 9 Inf Inf Inf 26 Inf
1 2
1 41
1 69
1 70
2 3
3 4
3 68
4 6
4 7
5 6
5 24
5 30
6 8
7 8
8 12
9 10
10 11
11 12
12 13
12 14
13 23
14 23
15 16
16 17
16 18
17 19
18 19
19 20
19 22
19 57
20 21
21 23
22 23
23 25
23 31
23 33
24 25
25 26
25 27
25 28
25 29
26 35
27 35
28 35
29 35
30 31
31 32
32 35
33 34
34 35
35 36
35 44
35 48
35 51
35 53
35 56
35 60
35 61
35 62
36 37
37 38
38 39
39 40
40 42
41 42
42 43
43 50
44 45
45 46
46 47
47 50
48 49
49 50
51 52
52 54
53 54
54 55
57 58
58 59
59 60
61 65
62 63
63 64
64 65
64 66
64 67-1 -1
