28
70 4 43 62
59 14 44 56
33 Inf 13 10
6 1 5 5
1 1 Inf 1
27 9 Inf 1
17 15 8 7
62 38 7 6
31 24 12 14
53 33 33 3
21 21 21 11
19 13 8 11
108 34 74 75
52 5 Inf 34
5 2 3 1
8 7 5 5
97 97 60 67
8 1 7 8
47 15 17 40
67 3 27 5
17 9 7 12
8 1 5 5
3 2 2 1
21 Inf 20 9
107 21 100 8
3 2 3 Inf
2 1 2 1
72 46 58 5
1 3
1 4
1 5
1 8
1 19
1 21
1 22
1 23
1 24
1 26
2 6
2 17
3 28
4 28
5 28
6 7
7 18
8 9
9 10
10 11
10 12
11 15
12 13
13 14
13 16
14 28
15 28
16 28
17 28
18 28
19 20
20 28
21 28
22 28
23 28
24 25
25 28
26 27
27 28
-1 -1
