70
17 3 13 4 17 11 11 15 9 1
66 10 20 14 13 40 65 Inf 49 17
54 15 19 2 32 2 13 18 19 33
52 45 7 13 2 32 29 3 31 Inf
6 6 Inf 3 5 5 4 2 6 3
88 51 48 13 76 67 67 31 83 38
21 17 1 8 8 12 5 8 11 14
128 111 79 28 50 90 112 22 126 101
68 10 31 60 3 49 Inf 37 55 20
70 30 21 17 20 Inf 66 25 11 1
85 18 Inf 52 Inf 74 Inf 3 8 Inf
21 2 9 17 Inf 21 2 12 Inf 1
134 75 14 69 30 106 30 89 11 101
135 65 133 55 84 21 Inf 42 100 Inf
94 Inf Inf 60 9 15 61 33 39 50
90 17 44 Inf 24 46 31 81 22 8
50 24 6 13 34 48 15 28 15 Inf
143 142 115 143 69 15 61 53 80 17
19 4 13 9 5 7 9 Inf 5 14
54 26 5 51 54 24 30 43 22 34
50 28 50 32 24 43 26 1 6 47
40 6 17 38 Inf 34 1 15 26 30
73 15 45 Inf 63 1 36 51 33 18
12 9 9 10 3 3 11 8 1 1
152 9 32 28 50 14 69 21 113 126
42 37 4 12 15 Inf 38 2 31 40
45 3 2 33 34 26 9 5 10 34
74 39 30 39 65 49 Inf 67 Inf 69
26 21 12 25 24 4 5 20 11 Inf
11 9 Inf 1 6 5 7 3 2 1
31 22 18 7 6 13 19 29 31 20
50 49 5 13 44 30 39 9 45 33
102 83 12 50 52 47 77 17 71 25
46 37 25 15 5 28 43 43 8 Inf
35 Inf Inf 7 Inf 31 Inf 22 3 23
40 Inf 16 19 24 5 34 36 7 2
2 1 1 1 2 2 1 2 1 2
1 1 1 1 1 1 1 1 1 1
3 Inf 2 3 2 2 1 1 2 1
13 8 3 12 6 9 5 5 Inf 8
16 9 Inf 3 10 9 Inf 12 5 16
25 4 5 18 18 1 13 Inf 20 1
21 13 8 7 21 17 18 10 15 Inf
43 19 12 30 18 32 36 18 Inf 4
30 13 6 10 11 5 20 7 5 8
83 50 1 Inf 12 51 6 11 40 33
89 84 11 23 25 22 45 10 54 19
56 24 27 54 Inf 22 33 6 4 45
59 Inf 9 19 47 32 10 Inf Inf 33
43 9 20 38 29 30 29 27 40 Inf
11 3 4 Inf 7 4 11 7 Inf 7
26 Inf 7 Inf 20 10 14 Inf Inf 17
44 40 16 Inf 14 25 32 26 12 41
121 81 32 100 48 117 43 48 41 Inf
38 11 24 6 Inf 10 13 26 8 26
68 5 25 17 47 36 21 11 6 Inf
22 14 15 21 14 7 16 3 Inf Inf
7 1 6 5 3 5 1 1 2 5
16 8 5 Inf 15 5 10 9 9 7
32 1 26 12 13 30 22 11 10 19
25 8 7 6 1 22 21 22 22 16
27 27 19 4 5 Inf Inf 26 3 Inf
156 26 5 137 31 11 69 12 81 13
28 Inf 26 Inf 25 5 Inf 3 Inf 27
15 Inf 3 2 1 10 13 5 9 1
26 11 15 23 7 18 20 8 12 14
18 15 6 14 13 14 3 Inf 4 9
72 26 52 45 Inf 36 25 13 1 36
23 19 8 Inf Inf 13 21 Inf 12 21
27 Inf 26 5 13 13 20 15 13 Inf
1 2
1 41
1 69
1 70
2 3
3 4
3 68
4 6
4 7
5 6
5 24
5 30
6 8
7 8
8 12
9 10
10 11
11 12
12 13
12 14
13 23
14 23
15 16
16 17
16 18
17 19
18 19
19 20
19 22
19 57
20 21
21 23
22 23
23 25
23 31
23 33
24 25
25 26
25 27
25 28
25 29
26 35
27 35
28 35
29 35
30 31
31 32
32 35
33 34
34 35
35 36
35 44
35 48
35 51
35 53
35 56
35 60
35 61
35 62
36 37
37 38
38 39
39 40
40 42
41 42
42 43
43 50
44 45
45 46
46 47
47 50
48 49
49 50
51 52
52 54
53 54
54 55
57 58
58 59
59 60
61 65
62 63
63 64
64 65
64 66
64 67
-1 -1
