75
23 14 16 16 23 11 6 18 1 21 3
24 16 18 6 15 14 10 Inf 7 20 6
25 19 13 5 18 21 9 18 12 10 20
26 Inf 21 12 15 Inf 3 9 17 15 12
23 11 23 9 23 13 9 14 6 Inf 13
22 6 10 11 22 20 8 2 9 18 17
6 3 3 4 5 4 4 Inf Inf 1 Inf
22 15 22 17 22 17 7 Inf Inf 8 Inf
23 16 9 3 3 4 13 11 6 9 22
21 4 17 9 3 Inf 19 Inf 7 9 14
22 Inf 20 11 22 1 10 18 3 6 20
15 1 2 14 3 2 6 6 13 3 8
5 5 5 5 3 1 3 2 1 2 5
23 2 8 13 14 7 18 10 14 4 Inf
4 1 3 Inf 3 2 2 1 3 2 3
26 15 11 7 10 2 6 8 8 25 1
21 17 Inf 16 7 8 12 2 21 11 12
5 5 4 2 1 2 2 4 5 1 2
24 9 12 2 6 4 6 Inf 6 8 3
25 2 11 9 16 2 14 11 19 6 13
26 4 Inf 22 19 8 Inf 7 10 7 13
26 23 19 10 Inf 23 7 Inf 24 24 26
24 1 Inf Inf 14 Inf 17 2 Inf 11 18
27 20 3 12 15 8 Inf 2 Inf 9 19
20 15 11 3 20 11 1 3 17 2 19
23 Inf 4 15 13 9 19 9 23 21 Inf
25 16 13 Inf 7 25 Inf 14 19 4 Inf
13 5 Inf 7 9 11 9 4 13 6 3
3 3 1 1 2 Inf 3 3 3 3 1
11 1 10 5 11 Inf 9 7 2 2 10
21 10 3 18 20 18 5 5 20 4 16
22 12 5 19 2 8 16 14 17 13 6
21 2 10 21 13 8 16 Inf 6 5 13
22 21 14 20 21 13 14 20 7 9 9
25 22 18 6 5 14 12 25 6 10 24
8 6 2 6 6 1 8 3 4 6 5
22 14 10 18 13 16 20 10 2 2 7
24 2 6 9 12 12 2 16 12 3 10
22 1 Inf 4 5 17 Inf 13 5 6 11
21 7 3 9 15 8 3 3 6 Inf 9
6 2 2 4 Inf 5 Inf 5 2 3 4
26 Inf 12 2 24 26 6 6 Inf Inf 1
22 Inf 1 7 Inf 16 6 15 13 22 10
6 2 2 1 6 3 1 1 4 5 3
21 7 11 2 12 3 15 3 2 5 14
25 10 21 2 16 1 11 9 14 5 24
11 Inf 2 10 1 2 Inf 1 1 7 Inf
22 18 Inf 15 Inf 1 14 1 8 9 17
21 12 15 7 15 11 Inf Inf 9 20 11
25 22 25 22 2 25 22 Inf 12 10 10
22 4 13 1 8 3 8 21 2 17 7
22 3 16 1 22 4 10 8 4 21 19
23 8 2 5 9 Inf 21 Inf 10 17 13
22 6 5 10 Inf 14 19 10 9 10 Inf
22 3 Inf 4 Inf 21 8 6 10 15 6
25 21 1 Inf 9 19 25 21 2 17 Inf
23 12 6 12 Inf 3 14 9 8 21 1
21 20 7 10 17 5 Inf 20 11 13 Inf
22 7 1 17 13 3 21 14 16 1 19
22 3 21 20 4 13 Inf 17 1 11 9
22 6 Inf Inf 10 13 2 10 12 17 12
22 2 9 3 Inf 2 19 5 18 19 8
21 17 7 17 14 13 Inf 12 14 17 9
27 13 1 23 13 7 21 13 6 3 3
23 Inf 4 1 6 4 4 Inf 10 7 1
2 2 1 1 2 2 Inf 1 2 2 2
26 3 25 21 3 18 6 11 18 7 26
25 20 1 25 12 19 25 25 11 8 24
24 9 Inf 3 4 5 4 4 10 15 Inf
22 19 Inf Inf 2 7 Inf 3 7 5 4
24 22 9 19 15 1 4 20 24 18 12
4 1 1 2 4 1 2 3 3 4 Inf
22 3 15 11 16 22 4 5 3 13 17
10 5 7 6 2 7 5 3 Inf 3 1
25 6 Inf Inf 20 3 18 9 22 11 21
1 2
1 3
1 4
1 5
1 6
1 7
2 15
3 13
3 24
4 8
4 14
4 16
5 12
5 15
6 9
6 10
6 11
6 13
9 20
9 24
10 18
12 19
13 22
15 17
15 20
15 23
16 21
16 26
17 30
18 26
18 30
20 27
21 33
24 25
25 28
25 30
25 33
25 34
26 31
26 32
26 41
27 29
27 35
27 36
31 37
31 39
32 44
32 45
33 41
35 38
35 42
36 40
36 43
39 51
40 46
42 47
43 48
43 50
46 51
46 48
47 49
47 50
47 52
47 53
49 59
49 61
49 62
50 54
50 55
50 60
50 62
52 56
52 57
53 58
55 63
58 65
59 64
59 66
62 67
66 68
68 69
68 70
68 71
68 72
68 73
68 74
68 75
-1 -1
