28
70 56 25 4 2 66 30
59 48 15 1 14 Inf 12
33 10 11 Inf 12 19 23
6 5 3 2 6 3 Inf
1 Inf 1 1 1 1 1
27 9 Inf 7 25 26 18
17 7 9 7 4 14 Inf
62 7 55 47 55 24 33
31 10 19 6 21 25 31
53 18 Inf Inf Inf 12 Inf
21 16 6 12 6 11 17
19 12 15 6 18 15 Inf
108 74 76 42 56 26 93
52 Inf 38 1 47 21 18
5 1 3 4 5 1 4
8 4 1 3 1 3 2
97 Inf 73 4 21 60 5
8 8 1 6 7 2 1
47 5 35 41 10 12 Inf
67 27 Inf Inf 11 36 26
17 11 16 Inf Inf 15 16
8 7 6 7 6 Inf 4
3 2 1 2 3 1 Inf
21 8 Inf 13 8 9 11
107 56 24 9 104 95 Inf
3 Inf 1 1 1 1 Inf
2 2 2 2 1 Inf 2
72 Inf 20 65 29 11 38
1 3
1 4
1 5
1 8
1 19
1 21
1 22
1 23
1 24
1 26
2 6
2 17
3 28
4 28
5 28
6 7
7 18
8 9
9 10
10 11
10 12
11 15
12 13
13 14
13 16
14 28
15 28
16 28
17 28
18 28
19 20
20 28
21 28
22 28
23 28
24 25
25 28
26 27
27 28
-1 -1
