25
4 4 4 2 2 2
3 1 1 3 Inf Inf
9 9 2 7 9 6
5 2 3 Inf 1 2
9 3 3 3 7 9
4 3 1 3 1 1
8 4 6 5 7 3
7 7 1 4 3 Inf
5 5 Inf 3 1 2
1 1 1 Inf 1 1
3 2 2 3 3 3
1 1 1 1 Inf 1
5 5 2 4 2 1
3 Inf 2 3 3 3
5 3 3 Inf 1 1
3 3 Inf 2 1 2
13 Inf 2 6 1 8
5 3 2 5 2 5
2 2 2 1 1 2
3 2 1 3 1 1
7 1 5 6 6 1
5 2 5 2 3 4
3 Inf 1 3 3 Inf
8 5 2 1 1 5
4 3 3 Inf Inf 3
1 3
2 3
3 4
4 5
4 8
5 6
6 7
6 10
7 11
7 12
8 9
8 11
9 13
9 10
11 13
12 15
13 14
14 16
14 19
14 20
15 17
15 22
16 18
17 18
17 23
18 25
19 22
20 21
20 25
21 22
21 24
23 25
-1 -1
