70
17 1 8 1 10 12 7 12 10 11 3 3 10 Inf 12 12 9
66 5 19 14 10 48 Inf 38 45 56 17 43 27 41 20 49 47
54 47 8 4 8 6 33 53 4 52 49 20 2 5 17 6 Inf
52 20 26 20 7 Inf Inf 23 27 22 30 8 45 17 49 4 30
6 3 Inf 4 1 1 4 2 2 Inf 4 6 2 3 2 1 4
88 45 4 21 6 Inf 62 75 25 52 71 6 52 77 12 25 36
21 Inf Inf 15 20 5 4 Inf 19 5 20 8 6 8 6 5 9
128 86 Inf 92 6 88 27 18 74 103 74 27 96 18 87 21 86
68 12 24 2 55 2 7 49 Inf Inf 24 25 58 5 56 Inf Inf
70 65 53 15 Inf 48 62 5 12 14 21 26 23 42 42 38 6
85 17 61 36 36 71 10 32 11 2 42 56 Inf 43 20 7 42
21 11 9 20 16 7 Inf 5 14 Inf 13 13 10 20 2 17 18
134 38 47 124 Inf 31 68 28 32 72 53 7 35 22 1 55 75
135 68 36 52 12 74 7 Inf 110 17 Inf 39 62 Inf 7 21 Inf
94 13 39 86 34 73 Inf Inf 7 76 41 Inf 16 Inf 78 2 5
90 76 Inf Inf 61 44 9 46 Inf 47 82 57 Inf 41 37 52 57
50 13 Inf Inf 32 45 12 4 16 19 31 2 9 1 22 33 35
143 20 25 29 104 56 143 141 104 42 99 37 60 79 5 108 14
19 10 19 4 11 17 5 11 1 9 1 16 12 9 6 3 12
54 44 48 32 35 19 27 48 7 26 7 38 44 16 32 Inf 2
50 49 Inf 9 3 41 13 19 44 31 2 37 35 43 18 30 23
40 30 Inf 27 25 2 5 17 9 35 Inf 23 24 7 8 6 10
73 18 3 19 32 24 18 13 14 Inf 70 12 72 22 39 33 11
12 8 8 1 1 10 Inf Inf 4 6 4 10 12 4 7 12 Inf
152 13 41 Inf 55 85 32 9 102 90 81 Inf 103 38 19 22 13
42 1 25 Inf 8 31 Inf 38 9 32 Inf 27 36 16 21 30 26
45 10 Inf 25 6 Inf 10 4 16 20 20 10 18 34 25 43 43
74 30 39 42 6 Inf 17 18 4 5 40 72 54 45 19 46 17
26 9 Inf 11 18 17 2 17 5 1 11 9 22 20 Inf 22 Inf
11 4 3 Inf 3 4 3 2 1 10 9 6 Inf 9 2 1 3
31 11 18 2 1 7 Inf 10 8 18 26 23 16 Inf 9 Inf 23
50 41 Inf Inf 41 16 23 48 Inf 4 45 Inf 28 8 Inf 28 29
102 Inf 48 20 88 92 78 1 50 Inf 98 69 72 13 77 62 81
46 7 39 31 12 13 36 Inf 11 Inf Inf 3 9 4 26 11 9
35 Inf 24 18 1 34 18 Inf 34 35 34 23 17 18 14 35 21
40 13 Inf 6 28 4 27 37 20 28 38 2 33 7 Inf Inf 2
2 2 2 1 2 2 2 Inf 1 1 2 1 1 2 Inf 2 1
1 Inf 1 1 1 1 1 1 Inf 1 1 1 1 Inf 1 1 Inf
3 1 1 3 1 1 1 2 2 3 3 3 1 2 1 1 1
13 1 1 13 11 4 Inf 3 10 11 1 9 6 10 Inf 5 6
16 16 13 6 12 4 1 6 11 15 4 2 2 Inf 6 3 7
25 Inf 14 16 3 23 23 Inf 2 6 24 11 12 2 3 24 5
21 6 21 20 5 5 Inf 7 4 5 10 16 20 2 8 7 21
43 31 28 40 14 Inf 29 10 25 27 17 21 30 5 8 6 23
30 7 20 2 20 28 9 Inf 2 15 3 28 19 30 20 21 Inf
83 41 69 83 16 30 65 42 1 78 34 54 21 46 72 14 4
89 3 9 33 24 10 48 7 19 12 Inf 31 86 69 Inf 3 Inf
56 Inf 30 43 34 28 22 31 30 18 13 12 46 32 32 23 4
59 Inf 50 11 Inf 41 24 Inf 2 Inf 27 21 56 7 4 8 32
43 41 24 27 1 29 1 6 15 20 37 3 7 7 19 18 20
11 4 Inf 2 3 5 9 8 Inf Inf 4 9 7 4 1 9 2
26 5 Inf 13 14 25 23 8 17 2 1 4 24 5 4 22 22
44 43 29 15 32 26 18 21 35 44 39 5 20 37 12 7 29
121 26 68 57 82 8 2 9 70 29 68 12 105 Inf 97 73 57
38 31 32 13 15 2 23 34 1 21 1 34 3 18 27 24 31
68 56 34 5 36 63 25 5 24 32 Inf 30 26 36 25 29 20
22 7 21 5 3 13 21 18 15 16 16 10 7 15 5 3 17
7 4 2 4 5 Inf 5 2 2 5 5 6 2 4 2 4 4
16 Inf 2 6 16 8 4 10 1 7 10 16 2 Inf 7 16 10
32 25 24 22 32 31 Inf 23 7 9 13 4 12 27 21 19 8
25 1 1 7 22 21 24 Inf 4 5 12 3 24 6 3 9 2
27 26 27 9 25 13 17 12 7 Inf 3 23 27 6 Inf 16 23
156 Inf 46 62 11 33 Inf Inf 107 Inf 151 23 79 5 64 14 41
28 14 2 26 Inf 16 25 24 15 24 Inf Inf Inf 27 7 19 20
15 10 3 12 9 12 11 7 11 10 13 8 13 Inf Inf 15 14
26 6 8 1 19 7 4 15 24 5 22 25 16 Inf 3 9 11
18 9 1 18 8 16 1 2 Inf 14 13 11 1 Inf 17 13 11
72 63 22 11 16 43 60 38 17 43 64 55 25 27 4 Inf 65
23 11 2 4 5 19 19 10 3 22 Inf 22 2 7 1 13 6
27 21 Inf 4 13 16 14 13 8 2 18 12 4 26 17 6 4
1 2
1 41
1 69
1 70
2 3
3 4
3 68
4 6
4 7
5 6
5 24
5 30
6 8
7 8
8 12
9 10
10 11
11 12
12 13
12 14
13 23
14 23
15 16
16 17
16 18
17 19
18 19
19 20
19 22
19 57
20 21
21 23
22 23
23 25
23 31
23 33
24 25
25 26
25 27
25 28
25 29
26 35
27 35
28 35
29 35
30 31
31 32
32 35
33 34
34 35
35 36
35 44
35 48
35 51
35 53
35 56
35 60
35 61
35 62
36 37
37 38
38 39
39 40
40 42
41 42
42 43
43 50
44 45
45 46
46 47
47 50
48 49
49 50
51 52
52 54
53 54
54 55
57 58
58 59
59 60
61 65
62 63
63 64
64 65
64 66
64 67-1 -1
