75
23 Inf Inf 14 12 14 12 20 7 14 5 9 Inf 12 Inf 9 4 9 1
24 Inf Inf 9 5 22 16 17 6 13 6 23 1 2 4 4 Inf 14 Inf
25 7 23 5 5 18 Inf 3 22 3 24 6 24 6 Inf 4 6 4 6
26 22 19 12 23 8 4 5 20 Inf 1 1 26 Inf Inf 4 15 10 16
23 18 2 13 3 9 Inf 14 3 22 14 2 18 20 2 20 13 10 4
22 12 20 17 7 13 Inf 20 10 7 5 11 16 Inf 4 16 22 14 11
6 Inf 5 4 3 6 Inf 2 3 1 3 Inf 1 6 Inf 6 1 6 6
22 17 Inf 19 3 20 16 14 11 10 20 15 11 18 2 5 1 7 17
23 12 3 18 20 20 17 16 12 1 4 19 5 15 19 10 2 9 17
21 Inf 1 15 3 11 6 19 Inf 5 6 2 11 15 13 Inf 5 2 14
22 21 13 Inf 19 19 16 Inf 3 17 13 9 7 14 1 14 9 6 5
15 4 2 10 10 Inf 5 15 Inf 7 1 1 13 Inf 12 15 Inf 2 8
5 4 3 4 3 4 5 2 2 5 3 4 1 1 4 5 5 1 1
23 Inf 6 17 1 1 16 15 3 3 2 6 18 4 Inf 3 20 1 13
4 2 3 4 2 1 2 3 1 4 Inf 3 Inf 3 Inf 1 4 1 1
26 1 1 5 24 1 12 14 5 19 Inf 20 14 3 11 15 19 Inf Inf
21 8 1 4 Inf 14 3 7 4 20 14 6 18 Inf 11 13 Inf 18 Inf
5 3 Inf 1 4 2 Inf 5 1 4 1 4 2 4 1 Inf 4 2 3
24 24 1 6 21 24 7 5 6 3 10 11 5 3 1 6 18 19 Inf
25 3 14 4 1 2 21 25 1 Inf 9 13 17 25 24 18 Inf 15 11
26 11 11 2 4 8 15 5 4 17 7 26 3 20 1 7 22 Inf Inf
26 25 26 26 23 8 10 11 5 3 Inf Inf 1 Inf 23 Inf Inf Inf 3
24 19 14 6 7 4 16 8 23 20 17 Inf 7 2 8 22 10 19 19
27 23 3 19 3 11 8 4 6 14 21 11 25 24 8 20 21 27 26
20 11 14 16 5 6 18 1 7 5 18 8 3 4 Inf 9 1 11 12
23 5 3 Inf 2 6 19 17 19 5 12 Inf 10 Inf 7 13 Inf 1 6
25 14 15 5 Inf 25 6 25 2 4 5 Inf 4 18 11 1 2 3 2
13 13 9 9 6 10 9 2 6 10 4 1 7 3 7 Inf 7 2 1
3 2 3 Inf Inf 2 1 1 2 3 Inf 3 2 1 1 1 2 3 2
11 1 9 9 Inf 6 8 2 4 7 4 5 4 9 5 3 9 3 Inf
21 11 10 2 2 6 14 20 14 Inf 7 1 8 10 3 6 18 14 Inf
22 1 4 Inf 22 18 13 1 9 3 4 2 9 12 20 3 5 Inf 2
21 15 6 3 4 19 20 7 6 3 8 20 Inf 10 18 18 11 2 1
22 16 Inf Inf 3 5 6 16 17 7 1 9 5 9 2 1 21 22 10
25 4 5 9 2 15 23 3 12 17 21 5 Inf 23 18 17 13 15 4
8 2 8 8 7 7 6 3 1 8 3 Inf 4 7 3 5 2 4 4
22 Inf 21 2 7 2 13 20 Inf Inf Inf 2 16 19 6 17 Inf 3 18
24 22 2 9 11 7 4 9 5 7 12 7 22 4 3 20 11 24 12
22 3 9 21 22 12 12 15 17 14 2 12 21 13 13 1 Inf 3 11
21 20 17 15 17 Inf 10 10 10 5 14 15 Inf 13 1 18 19 8 2
6 2 5 6 6 5 2 5 1 1 3 Inf 1 5 4 3 5 2 1
26 3 6 7 2 5 18 19 15 22 17 11 26 6 9 17 12 23 9
22 8 20 3 18 4 21 8 5 8 13 9 14 22 Inf 9 14 12 14
6 3 Inf 4 4 Inf 4 Inf Inf 2 1 1 5 5 3 1 5 4 4
21 7 20 11 20 3 5 13 2 4 3 3 15 2 20 2 1 21 11
25 18 16 18 5 25 15 14 8 17 11 15 9 Inf 16 3 19 4 18
11 10 5 11 1 8 Inf 5 7 Inf 3 4 5 10 10 11 6 4 9
22 15 16 14 Inf 21 18 5 20 Inf 14 Inf 20 5 4 1 Inf 22 15
21 15 3 13 8 3 2 4 Inf 20 Inf 4 7 12 12 14 16 21 14
25 14 17 13 8 5 20 8 1 1 16 25 1 8 14 6 4 6 3
22 7 20 18 1 20 12 17 Inf 10 Inf 5 12 20 19 22 9 4 8
22 4 4 Inf 20 1 20 Inf 18 22 8 9 10 22 7 18 8 2 1
23 Inf 20 14 Inf Inf 23 19 7 17 19 22 3 13 7 14 9 5 19
22 1 4 10 Inf 16 3 11 3 20 21 7 13 8 6 7 16 11 21
22 21 Inf 17 Inf 11 8 21 7 2 6 5 17 18 3 13 Inf 13 12
25 6 3 5 9 12 4 13 2 13 18 15 4 15 6 4 2 Inf Inf
23 2 7 5 6 14 14 14 3 15 6 13 16 Inf 1 20 7 1 20
21 2 15 3 9 5 9 13 4 3 1 8 14 6 11 11 Inf Inf Inf
22 1 22 Inf 2 19 18 14 5 18 2 17 3 12 Inf 17 1 19 10
22 17 20 12 18 5 5 3 9 Inf 1 8 16 13 18 18 11 10 11
22 11 1 Inf 11 Inf Inf 17 5 10 15 1 7 16 15 Inf 5 18 6
22 9 14 19 17 17 4 9 17 4 6 11 1 6 10 5 20 2 14
21 18 8 3 10 5 13 19 17 13 14 Inf Inf 17 Inf 17 3 Inf 17
27 23 18 15 16 19 14 8 11 16 14 Inf 15 21 22 Inf 12 Inf 27
23 10 2 11 15 16 22 21 4 Inf 17 22 13 12 3 21 22 17 5
2 1 2 1 1 1 1 2 Inf 1 1 2 2 Inf 1 2 1 1 1
26 8 10 18 2 3 8 25 2 11 25 Inf Inf 17 13 18 11 13 19
25 6 23 20 9 22 16 10 13 25 1 14 10 1 7 1 13 10 24
24 13 11 9 11 7 14 17 21 7 16 14 21 24 17 5 4 16 21
22 12 Inf 6 8 Inf 14 Inf 5 19 Inf Inf 2 6 18 13 17 6 15
24 7 Inf 12 15 23 18 2 5 8 24 3 5 7 6 8 17 18 14
4 1 3 3 1 1 Inf 3 2 1 4 Inf 4 4 Inf 2 4 1 2
22 Inf 7 9 8 1 11 19 1 2 14 5 13 5 6 18 20 3 21
10 6 7 3 2 8 3 2 1 6 9 Inf 9 2 2 6 2 6 5
25 24 1 5 15 20 6 13 2 3 13 11 2 1 7 2 Inf 16 13
1 2
1 3
1 4
1 5
1 6
1 7
2 15
3 13
3 24
4 8
4 14
4 16
5 12
5 15
6 9
6 10
6 11
6 13
9 20
9 24
10 18
12 19
13 22
15 17
15 20
15 23
16 21
16 26
17 30
18 26
18 30
20 27
21 33
24 25
25 28
25 30
25 33
25 34
26 31
26 32
26 41
27 29
27 35
27 36
31 37
31 39
32 44
32 45
33 41
35 38
35 42
36 40
36 43
39 51
40 46
42 47
43 48
43 50
46 51
46 48
47 49
47 50
47 52
47 53
49 59
49 61
49 62
50 54
50 55
50 60
50 62
52 56
52 57
53 58
55 63
58 65
59 64
59 66
62 67
66 68
68 69
68 70
68 71
68 72
68 73
68 74
68 75
-1 -1
