28
70 11 46 6 11 6 37
59 15 53 Inf 14 28 53
33 21 17 Inf 16 1 2
6 3 2 5 6 2 2
1 1 1 1 1 1 1
27 4 3 24 15 Inf 1
17 Inf 13 10 6 5 15
62 Inf 24 62 38 24 27
31 24 16 28 31 13 Inf
53 18 9 33 46 3 31
21 10 3 13 18 Inf 13
19 16 2 Inf 15 8 14
108 5 Inf 86 64 84 85
52 29 1 Inf Inf 20 9
5 2 Inf 3 2 5 4
8 2 5 6 5 8 1
97 40 Inf 82 70 Inf 21
8 8 3 6 4 8 Inf
47 43 40 30 40 35 Inf
67 51 7 59 34 6 49
17 Inf 17 11 3 6 2
8 5 5 4 5 1 Inf
3 3 1 2 2 3 2
21 14 9 19 8 1 8
107 88 50 101 34 100 Inf
3 1 2 3 1 3 1
2 2 2 Inf 1 1 Inf
72 5 20 62 47 18 68
1 3
1 4
1 5
1 8
1 19
1 21
1 22
1 23
1 24
1 26
2 6
2 17
3 28
4 28
5 28
6 7
7 18
8 9
9 10
10 11
10 12
11 15
12 13
13 14
13 16
14 28
15 28
16 28
17 28
18 28
19 20
20 28
21 28
22 28
23 28
24 25
25 28
26 27
27 28
-1 -1
