70
17 2 Inf 15 9 Inf 3 Inf 9 6 14 10 8 7 7 Inf 1
66 55 53 10 Inf 38 20 46 43 49 1 Inf 59 44 3 49 40
54 Inf 52 24 3 Inf 29 28 22 15 37 8 Inf 34 53 13 19
52 Inf 12 32 Inf Inf 18 24 6 Inf 44 36 7 1 48 12 2
6 5 3 2 1 6 5 5 Inf 2 1 2 2 2 6 1 3
88 47 Inf 14 73 68 70 14 24 15 28 13 41 Inf 15 64 76
21 Inf 3 Inf 1 13 12 17 18 18 18 18 Inf Inf 8 3 10
128 58 1 26 82 Inf Inf 25 114 4 2 60 126 32 87 66 108
68 56 10 59 68 53 5 38 46 64 51 7 10 8 Inf 9 7
70 12 22 46 Inf Inf 51 18 60 4 Inf Inf 52 2 27 55 62
85 10 68 8 69 60 Inf 55 37 Inf 28 59 39 Inf Inf 4 79
21 15 18 Inf 14 2 10 1 8 4 11 Inf 18 10 Inf 21 18
134 35 130 25 Inf 85 30 17 Inf 2 69 60 2 45 49 68 72
135 85 31 Inf Inf Inf 40 Inf 121 78 40 19 116 59 84 37 134
94 Inf 61 18 24 26 74 Inf 89 44 72 70 24 6 26 14 61
90 61 71 13 32 46 30 4 32 82 75 10 7 86 87 62 63
50 12 22 24 42 18 5 40 23 17 24 50 Inf 26 5 30 32
143 Inf 131 2 37 Inf 67 15 24 Inf 123 89 95 22 120 119 18
19 19 6 7 15 17 17 9 17 18 4 19 19 7 2 15 19
54 12 37 Inf 49 25 43 18 31 8 20 8 47 Inf 6 Inf 30
50 Inf 7 22 16 24 Inf 32 17 5 23 8 13 24 37 1 36
40 30 9 2 35 13 8 23 18 6 5 14 23 18 40 22 35
73 37 26 38 33 69 26 6 54 52 11 62 57 16 56 19 26
12 4 8 2 2 6 10 10 7 1 9 Inf 1 9 10 1 2
152 139 16 Inf 29 80 15 83 67 66 122 34 135 70 44 89 37
42 21 32 12 27 25 Inf 5 20 23 11 42 29 4 1 Inf 8
45 10 17 33 21 18 38 Inf 38 36 45 28 2 7 29 33 27
74 73 29 72 59 6 69 36 1 56 6 23 40 53 Inf 26 48
26 Inf 13 Inf 16 2 18 10 7 Inf 3 Inf 7 8 25 6 20
11 6 3 5 8 7 9 1 1 8 11 4 5 8 Inf 2 2
31 1 Inf Inf 7 23 19 5 3 19 18 23 19 14 31 24 5
50 14 6 5 33 Inf Inf 41 39 26 8 45 48 Inf 15 4 8
102 48 28 16 37 90 22 41 25 54 36 Inf 9 56 12 98 97
46 29 39 39 12 19 40 Inf 17 41 7 14 32 45 22 20 Inf
35 4 Inf Inf 19 Inf 9 Inf 4 2 7 Inf 6 31 15 18 Inf
40 35 Inf 8 7 20 31 34 23 37 20 6 Inf 38 1 35 6
2 1 2 2 1 1 2 1 1 2 1 Inf 2 2 1 1 2
1 1 1 1 1 1 1 1 1 1 1 1 1 1 1 1 1
3 3 2 2 3 1 Inf 3 3 1 3 3 1 1 1 1 Inf
13 2 Inf 1 Inf 9 1 Inf 12 6 2 10 9 Inf 11 10 5
16 Inf 16 3 4 12 4 9 12 8 7 8 8 6 Inf Inf 3
25 Inf 9 20 10 14 10 10 17 25 11 Inf 14 22 3 4 2
21 3 4 9 6 9 21 2 2 11 17 1 1 15 2 15 Inf
43 21 43 Inf 38 26 Inf 42 24 9 27 21 31 23 37 7 39
30 3 Inf Inf 18 4 25 23 14 Inf 4 22 Inf 1 4 2 5
83 Inf 14 80 47 17 5 9 56 2 13 21 9 5 63 83 21
89 72 9 Inf 21 Inf 61 17 5 30 61 35 Inf 11 11 52 43
56 47 36 39 21 5 20 44 31 49 49 Inf 28 13 8 22 53
59 49 8 39 6 15 12 Inf Inf 53 52 43 7 29 12 23 56
43 31 26 9 42 25 39 35 33 20 19 39 11 38 10 22 26
11 Inf 2 2 10 9 5 10 Inf 3 8 6 5 Inf 2 10 11
26 10 Inf 1 Inf 11 8 Inf 3 24 17 25 11 8 9 3 14
44 38 44 14 33 4 37 6 10 24 12 10 22 15 Inf 28 1
121 96 30 112 120 21 109 11 53 Inf 119 47 Inf 14 Inf 92 74
38 9 Inf 18 Inf 1 38 Inf 23 4 22 34 25 Inf 20 14 7
68 20 60 33 3 43 22 11 18 14 2 9 39 41 46 5 11
22 18 6 22 Inf 10 Inf 11 Inf 8 Inf 21 9 18 20 4 3
7 4 3 2 4 Inf 7 1 2 2 5 3 Inf 5 3 1 1
16 Inf 5 2 Inf 4 9 5 15 6 8 8 11 6 12 15 13
32 15 21 26 7 2 14 14 9 7 4 27 Inf 20 3 23 19
25 11 25 16 8 Inf 24 15 16 Inf 5 4 23 18 11 Inf 21
27 12 20 24 6 10 3 Inf 10 21 5 19 Inf 9 9 6 19
156 16 109 66 21 133 96 112 Inf Inf 21 39 25 19 115 24 97
28 2 12 Inf 14 13 15 6 11 8 13 23 20 6 7 25 18
15 5 Inf 4 1 3 14 12 9 7 9 1 Inf 9 5 2 1
26 2 5 14 Inf 19 5 3 3 18 4 13 9 10 15 3 8
18 14 11 15 4 5 9 8 14 4 13 5 18 7 18 Inf 3
72 1 2 49 19 10 43 18 12 Inf 26 3 Inf 44 28 9 71
23 15 9 1 9 21 8 11 1 19 4 3 Inf 1 20 20 16
27 17 24 10 23 2 6 26 7 Inf 1 8 1 1 11 Inf 9
1 2
1 41
1 69
1 70
2 3
3 4
3 68
4 6
4 7
5 6
5 24
5 30
6 8
7 8
8 12
9 10
10 11
11 12
12 13
12 14
13 23
14 23
15 16
16 17
16 18
17 19
18 19
19 20
19 22
19 57
20 21
21 23
22 23
23 25
23 31
23 33
24 25
25 26
25 27
25 28
25 29
26 35
27 35
28 35
29 35
30 31
31 32
32 35
33 34
34 35
35 36
35 44
35 48
35 51
35 53
35 56
35 60
35 61
35 62
36 37
37 38
38 39
39 40
40 42
41 42
42 43
43 50
44 45
45 46
46 47
47 50
48 49
49 50
51 52
52 54
53 54
54 55
57 58
58 59
59 60
61 65
62 63
63 64
64 65
64 66
64 67-1 -1
