75
23 3 5 23 12 20 17 5 7 2 Inf 18 18 10 4 22 Inf 5 21
24 3 1 22 24 14 20 9 11 23 Inf Inf 23 7 7 14 24 21 17
25 Inf 4 21 6 6 19 22 18 21 2 5 21 3 16 2 5 11 4
26 10 8 Inf 15 Inf Inf 7 23 Inf 23 19 24 4 1 17 15 10 25
23 7 17 7 8 11 Inf 3 12 21 1 19 16 16 13 19 1 Inf 7
22 12 6 Inf 22 10 5 5 6 6 12 1 10 Inf 19 15 22 6 13
6 5 6 5 2 2 Inf 5 3 1 5 1 5 Inf 2 2 1 2 5
22 9 10 20 16 13 Inf 20 8 Inf 10 18 2 15 12 20 7 3 4
23 22 15 Inf 19 3 Inf Inf 9 21 Inf 2 23 11 15 8 19 21 5
21 3 Inf 13 10 8 Inf 6 Inf 21 1 19 6 12 13 3 17 8 14
22 8 12 3 5 15 Inf 4 8 4 8 Inf 4 2 8 10 4 16 Inf
15 9 4 Inf 5 2 4 12 7 8 14 5 4 11 6 9 8 10 Inf
5 2 2 1 1 3 3 2 2 2 5 5 2 1 1 Inf 2 4 Inf
23 1 8 1 15 17 17 19 10 17 7 23 15 17 12 Inf 4 Inf 4
4 4 2 1 2 3 3 1 4 3 4 4 1 4 4 3 4 4 3
26 7 4 26 22 23 7 11 10 20 7 12 9 22 2 2 22 20 15
21 10 7 8 Inf 20 3 4 3 7 5 Inf 2 4 2 4 12 Inf 13
5 1 Inf 2 3 1 Inf 4 2 3 3 5 4 1 1 3 3 2 Inf
24 21 19 Inf 6 9 16 22 15 6 3 16 15 16 21 2 16 23 Inf
25 4 5 11 14 8 21 5 15 8 15 1 25 1 2 9 7 16 11
26 19 16 Inf 2 10 25 8 9 26 12 22 6 9 7 8 18 1 3
26 Inf 3 10 4 17 24 2 7 15 12 5 24 1 7 20 23 7 3
24 13 21 Inf Inf 6 4 9 14 19 3 20 23 20 20 17 Inf 2 5
27 13 15 26 16 21 11 25 3 24 17 Inf 7 3 Inf 7 11 7 25
20 3 8 Inf 2 19 20 7 Inf Inf 11 4 7 11 3 18 2 14 Inf
23 7 8 15 2 6 13 16 Inf 8 2 5 19 15 13 Inf 15 16 18
25 6 11 1 19 17 21 5 6 1 1 4 9 6 24 22 Inf 23 16
13 4 3 5 7 2 8 12 1 Inf 8 9 Inf 4 Inf 3 4 8 7
3 1 3 2 3 2 3 2 Inf 1 Inf 3 2 2 3 Inf 1 Inf Inf
11 2 1 3 5 6 2 11 2 Inf 11 7 1 Inf 5 8 5 7 1
21 5 5 10 5 18 1 2 11 16 7 1 Inf 18 13 2 20 17 17
22 1 21 8 6 8 5 18 4 20 9 8 8 1 3 4 15 4 21
21 4 17 2 12 14 9 20 21 3 20 Inf 2 5 Inf 12 5 1 7
22 13 22 8 15 19 1 1 Inf 17 Inf 3 19 19 18 11 13 11 20
25 18 6 6 17 10 Inf 15 Inf 10 24 4 4 3 12 25 2 25 4
8 6 2 1 2 Inf 7 5 4 7 4 6 2 1 1 2 7 4 8
22 7 21 17 7 20 Inf 17 15 8 16 4 1 22 1 10 16 5 5
24 3 2 17 14 5 7 3 1 24 24 3 1 13 17 Inf 18 3 10
22 22 20 16 11 21 6 15 6 2 Inf Inf 6 16 21 16 4 Inf 1
21 Inf 6 15 Inf 5 Inf 9 16 7 Inf 20 Inf 20 15 4 5 10 8
6 2 4 3 1 4 2 3 Inf 3 1 2 2 6 3 6 4 5 3
26 Inf Inf 17 22 24 2 11 8 13 17 5 2 16 16 13 23 5 26
22 5 20 8 3 5 Inf Inf 17 5 4 16 9 4 Inf 10 5 18 3
6 Inf 4 5 3 1 1 3 1 4 4 1 1 4 3 5 3 3 6
21 15 13 12 5 15 1 19 5 1 8 6 5 Inf 10 15 15 Inf 4
25 6 20 Inf 6 7 16 20 15 9 16 12 4 4 24 9 14 7 5
11 Inf 11 11 4 6 11 4 9 11 Inf 4 5 4 7 11 1 5 4
22 12 10 10 15 20 19 Inf 2 Inf 7 16 9 5 22 20 6 1 12
21 Inf 21 6 6 5 19 Inf Inf Inf 12 2 Inf 11 2 6 17 17 12
25 10 19 18 Inf Inf 19 9 25 19 23 16 13 24 10 6 16 8 2
22 18 8 2 6 22 20 5 19 13 2 5 15 22 8 Inf 1 6 12
22 20 1 2 10 17 Inf 6 Inf 1 16 17 12 8 1 6 19 Inf 14
23 1 18 13 18 14 11 15 18 11 4 2 3 5 Inf 23 16 20 4
22 7 14 20 5 Inf Inf 2 14 Inf 1 3 Inf 12 14 11 20 14 3
22 17 5 17 3 9 11 17 11 5 17 15 16 4 5 14 Inf 6 12
25 1 1 22 7 24 7 19 21 16 6 18 8 6 25 15 8 17 1
23 6 Inf 6 2 21 6 3 16 21 13 11 12 3 10 1 8 10 Inf
21 8 18 3 6 17 9 15 1 10 14 17 6 12 8 15 18 15 2
22 14 5 6 13 Inf 17 15 10 19 14 14 13 6 9 21 2 Inf 3
22 4 3 6 19 3 19 4 Inf 2 21 14 12 3 3 18 1 18 21
22 10 21 8 10 21 6 4 2 18 Inf Inf 10 11 1 18 7 9 Inf
22 17 10 2 15 13 5 12 13 6 18 7 21 14 12 8 16 8 13
21 15 2 5 17 Inf 6 16 20 17 14 3 Inf 4 4 5 Inf 8 19
27 19 7 2 21 21 25 15 3 20 4 4 1 4 19 18 22 18 12
23 22 Inf 2 Inf 5 Inf 22 17 12 2 19 Inf 15 1 21 10 4 1
2 1 Inf 2 1 Inf 2 1 2 1 2 Inf 2 Inf Inf 1 1 1 2
26 3 7 18 17 16 8 23 19 21 11 1 9 21 9 19 18 5 13
25 13 5 19 3 9 22 23 19 11 4 14 3 1 15 Inf 25 Inf 11
24 2 19 16 Inf 10 6 24 3 14 22 13 Inf 15 3 Inf 11 Inf 4
22 1 Inf 11 3 4 20 Inf Inf 4 3 15 19 Inf 9 6 22 7 3
24 19 2 16 9 6 5 17 7 8 17 3 20 18 Inf 2 6 12 5
4 3 3 3 4 4 2 1 1 1 2 4 2 3 4 1 3 2 3
22 Inf 22 8 19 4 17 Inf 18 13 1 15 20 8 15 18 7 16 3
10 Inf 10 7 Inf 5 7 2 7 3 2 10 10 3 9 6 Inf 1 10
25 8 11 16 4 7 11 14 22 Inf 6 3 17 4 5 2 Inf 14 13
1 2
1 3
1 4
1 5
1 6
1 7
2 15
3 13
3 24
4 8
4 14
4 16
5 12
5 15
6 9
6 10
6 11
6 13
9 20
9 24
10 18
12 19
13 22
15 17
15 20
15 23
16 21
16 26
17 30
18 26
18 30
20 27
21 33
24 25
25 28
25 30
25 33
25 34
26 31
26 32
26 41
27 29
27 35
27 36
31 37
31 39
32 44
32 45
33 41
35 38
35 42
36 40
36 43
39 51
40 46
42 47
43 48
43 50
46 51
46 48
47 49
47 50
47 52
47 53
49 59
49 61
49 62
50 54
50 55
50 60
50 62
52 56
52 57
53 58
55 63
58 65
59 64
59 66
62 67
66 68
68 69
68 70
68 71
68 72
68 73
68 74
68 75
-1 -1
