28
70 15 15 2 Inf 15 39
59 57 29 20 28 30 57
33 33 Inf Inf 21 4 19
6 3 Inf 1 6 5 4
1 Inf 1 Inf 1 1 Inf
27 8 16 Inf 27 Inf 17
17 4 5 9 Inf 4 11
62 Inf 18 3 45 54 34
31 Inf 9 Inf 6 31 30
53 Inf 15 4 Inf Inf 11
21 8 9 Inf 9 5 5
19 Inf 14 15 15 6 1
108 Inf 58 89 36 52 23
52 Inf 23 43 20 Inf Inf
5 Inf 1 3 Inf 1 Inf
8 5 2 3 5 4 Inf
97 72 17 26 Inf 63 Inf
8 8 Inf 7 5 1 Inf
47 Inf 14 20 Inf 26 1
67 46 66 Inf 24 21 Inf
17 Inf Inf 6 3 Inf Inf
8 5 2 3 5 1 6
3 2 Inf Inf 1 2 3
21 17 9 6 10 Inf 4
107 Inf 42 71 58 79 24
3 1 3 Inf Inf 2 1
2 1 1 1 1 1 Inf
72 57 25 34 67 55 43
1 3
1 4
1 5
1 8
1 19
1 21
1 22
1 23
1 24
1 26
2 6
2 17
3 28
4 28
5 28
6 7
7 18
8 9
9 10
10 11
10 12
11 15
12 13
13 14
13 16
14 28
15 28
16 28
17 28
18 28
19 20
20 28
21 28
22 28
23 28
24 25
25 28
26 27
27 28
-1 -1
