28
70 49 51 Inf Inf 60 33
59 46 Inf 28 24 25 3
33 5 Inf Inf 4 3 19
6 Inf 2 Inf 1 6 2
1 Inf 1 Inf Inf Inf Inf
27 19 Inf 17 10 20 13
17 2 4 15 17 7 Inf
62 11 Inf 25 20 Inf 36
31 31 18 8 21 3 23
53 19 Inf Inf 1 49 Inf
21 20 7 3 10 19 Inf
19 7 14 14 10 14 19
108 31 38 23 45 71 4
52 49 12 32 Inf 11 28
5 2 4 Inf 4 5 3
8 Inf 8 2 3 4 8
97 Inf 91 Inf 69 24 50
8 7 Inf 2 Inf Inf Inf
47 40 29 Inf 31 15 36
67 11 46 10 42 53 36
17 14 14 12 16 Inf 5
8 3 7 Inf Inf Inf Inf
3 Inf 3 1 1 Inf 1
21 Inf 18 18 16 5 15
107 22 94 Inf 83 Inf 26
3 1 2 3 3 1 3
2 Inf 2 2 1 Inf 2
72 Inf 67 Inf 11 Inf 10
1 3
1 4
1 5
1 8
1 19
1 21
1 22
1 23
1 24
1 26
2 6
2 17
3 28
4 28
5 28
6 7
7 18
8 9
9 10
10 11
10 12
11 15
12 13
13 14
13 16
14 28
15 28
16 28
17 28
18 28
19 20
20 28
21 28
22 28
23 28
24 25
25 28
26 27
27 28
-1 -1
