70
17 5 Inf 10 Inf 14 16 Inf 16 14 13 3 Inf 13 15 6 4
66 37 36 10 Inf 17 48 10 20 32 3 Inf 33 41 Inf 25 2
54 Inf 47 20 Inf 6 22 50 6 Inf 20 Inf 23 5 Inf 15 24
52 12 6 8 42 15 13 11 8 35 50 Inf 14 5 15 50 17
6 2 1 Inf 4 2 Inf 2 1 3 1 3 2 2 6 5 5
88 Inf 21 Inf 62 85 82 21 29 2 45 24 64 31 9 Inf 76
21 Inf 21 16 Inf 7 8 7 2 14 3 Inf 5 17 1 7 Inf
128 50 21 105 32 96 Inf 21 46 44 36 28 Inf 79 Inf 93 12
68 2 3 Inf Inf 48 Inf Inf 18 Inf 25 2 38 8 59 Inf 3
70 Inf 22 Inf 70 69 30 10 Inf 47 Inf 56 Inf 21 47 6 55
85 53 18 45 Inf 41 Inf Inf 57 70 Inf Inf 67 15 76 76 45
21 21 16 9 15 Inf 5 Inf Inf Inf 9 8 12 3 14 3 8
134 106 47 93 81 30 98 60 84 21 129 Inf Inf 41 67 126 69
135 57 47 Inf 29 78 Inf 69 89 Inf Inf 88 18 38 114 Inf 39
94 74 42 Inf 81 Inf 4 19 Inf 86 40 41 Inf Inf Inf 77 20
90 Inf 16 86 Inf Inf 57 25 Inf Inf 58 Inf 46 19 76 Inf 77
50 Inf 41 26 29 45 40 37 23 Inf 13 41 11 2 50 4 49
143 110 93 133 69 79 Inf 140 71 98 Inf 120 120 43 86 54 Inf
19 9 Inf 11 13 5 13 9 12 16 Inf 2 6 11 1 9 Inf
54 14 31 7 7 37 11 8 21 21 16 Inf 22 Inf 13 31 6
50 1 38 41 11 Inf 5 32 38 3 Inf 22 6 13 15 1 Inf
40 9 33 31 20 30 23 Inf 16 6 24 Inf 3 18 18 7 39
73 Inf Inf 57 8 Inf Inf 55 66 4 49 14 32 Inf 37 51 52
12 4 9 8 5 5 Inf 5 12 Inf Inf 5 5 5 10 11 11
152 85 68 55 Inf 35 49 123 9 53 Inf 119 49 9 55 85 25
42 5 Inf Inf 34 Inf 13 23 Inf 36 2 4 8 10 31 28 16
45 Inf 44 27 Inf 23 35 11 10 Inf 25 1 22 21 16 4 36
74 46 Inf 22 27 56 68 4 12 69 16 Inf 6 41 Inf 34 64
26 14 13 4 2 8 19 9 3 2 26 16 26 19 Inf 9 5
11 Inf 3 Inf 2 9 Inf 4 Inf Inf 10 10 7 11 Inf Inf Inf
31 Inf 18 8 4 22 4 Inf 1 8 13 9 17 26 7 25 9
50 23 6 14 30 Inf 12 5 33 24 5 4 Inf 35 28 9 46
102 10 24 11 80 34 92 Inf Inf 11 Inf 85 Inf 7 Inf Inf 21
46 4 31 2 27 43 43 6 21 3 6 Inf 46 Inf Inf Inf 19
35 9 1 8 34 Inf Inf Inf 13 1 10 26 35 14 4 13 6
40 27 40 31 23 19 21 Inf Inf 35 20 15 8 14 18 Inf 20
2 1 1 1 Inf 2 Inf 1 Inf Inf 1 2 Inf 1 1 1 2
1 Inf 1 1 Inf Inf 1 1 1 1 1 1 1 1 Inf 1 1
3 2 1 2 1 2 3 Inf Inf 2 3 1 3 Inf 3 3 3
13 10 9 5 1 13 13 13 3 Inf 13 2 6 1 8 12 5
16 Inf Inf 6 9 1 Inf 12 Inf 10 1 4 1 6 2 11 3
25 6 7 6 2 23 Inf 23 5 Inf 13 20 14 11 3 23 Inf
21 3 6 17 6 3 17 15 14 8 19 17 15 Inf Inf 14 6
43 Inf 33 7 3 7 14 Inf 43 8 11 5 39 Inf 23 27 14
30 1 1 Inf 2 16 14 Inf 20 Inf 9 13 25 21 27 22 Inf
83 72 49 Inf 57 44 8 27 10 58 47 Inf 3 28 Inf 29 76
89 4 60 8 48 9 50 Inf 14 65 24 79 15 70 63 6 85
56 Inf 31 Inf 6 28 41 51 37 Inf 29 56 29 Inf 19 22 7
59 7 29 36 44 Inf 58 24 11 Inf Inf 12 Inf 50 10 30 Inf
43 20 2 10 9 5 29 7 8 26 36 18 Inf 18 22 27 Inf
11 1 11 Inf 7 Inf Inf 4 Inf 9 8 7 10 6 Inf 9 10
26 2 17 9 Inf 25 5 16 Inf 2 Inf 14 6 3 6 21 13
44 7 12 1 30 Inf 4 5 34 Inf Inf 13 32 16 Inf 30 13
121 57 83 73 94 59 119 92 73 51 20 101 37 Inf 40 12 73
38 20 10 24 5 Inf 14 11 Inf 18 32 33 24 13 36 Inf 11
68 23 21 58 Inf 2 Inf 14 Inf 19 16 47 21 45 53 16 Inf
22 2 3 Inf 1 20 Inf 3 21 Inf 19 Inf 14 Inf 13 8 6
7 Inf Inf 5 4 7 2 Inf 3 Inf 7 Inf Inf Inf 4 1 2
16 Inf Inf Inf 4 11 1 Inf 1 4 Inf 3 2 14 Inf 6 3
32 18 30 11 Inf Inf 23 5 Inf 27 10 7 24 8 Inf 2 11
25 24 6 22 23 6 Inf 16 Inf 2 22 4 Inf 23 16 Inf Inf
27 Inf 11 24 16 26 Inf 20 12 Inf Inf 21 Inf 19 25 Inf 14
156 Inf 3 148 17 87 60 112 17 96 Inf 38 34 137 73 98 44
28 24 Inf 21 17 12 19 21 15 11 24 3 11 3 13 2 1
15 12 9 11 Inf 7 12 Inf 6 7 15 14 13 5 Inf Inf 2
26 25 2 5 17 10 5 21 10 Inf 2 6 2 Inf 16 15 11
18 6 3 Inf 2 15 Inf 12 6 3 Inf 12 6 17 Inf Inf Inf
72 Inf Inf 20 19 57 35 6 17 4 Inf 4 45 25 14 Inf Inf
23 23 18 3 14 3 4 3 20 16 Inf 4 12 Inf 10 Inf 11
27 8 27 14 Inf Inf 20 21 14 4 18 14 Inf Inf 13 Inf 24
1 2
1 41
1 69
1 70
2 3
3 4
3 68
4 6
4 7
5 6
5 24
5 30
6 8
7 8
8 12
9 10
10 11
11 12
12 13
12 14
13 23
14 23
15 16
16 17
16 18
17 19
18 19
19 20
19 22
19 57
20 21
21 23
22 23
23 25
23 31
23 33
24 25
25 26
25 27
25 28
25 29
26 35
27 35
28 35
29 35
30 31
31 32
32 35
33 34
34 35
35 36
35 44
35 48
35 51
35 53
35 56
35 60
35 61
35 62
36 37
37 38
38 39
39 40
40 42
41 42
42 43
43 50
44 45
45 46
46 47
47 50
48 49
49 50
51 52
52 54
53 54
54 55
57 58
58 59
59 60
61 65
62 63
63 64
64 65
64 66
64 67-1 -1
