28
70 52 106 55 Inf 105 132
59 87 103 112 24 96 Inf
33 Inf 3 Inf 33 58 60
6 1 7 7 3 4 9
1 1 1 1 1 2 1
27 22 7 3 Inf 22 34
17 1 20 23 6 3 10
62 88 7 5 15 Inf 115
31 39 38 61 Inf 57 48
53 53 105 87 19 75 2
21 25 5 24 8 12 38
19 27 10 13 26 30 12
108 159 Inf 82 9 198 127
52 59 26 96 92 28 67
5 Inf 4 2 9 1 4
8 3 3 11 4 12 11
97 83 104 106 33 107 124
8 1 Inf 16 9 Inf 1
47 75 54 29 38 63 84
67 101 23 117 11 42 72
17 28 27 6 27 30 23
8 3 6 5 Inf 15 7
3 3 2 6 2 1 6
21 10 14 2 24 10 11
107 58 Inf 45 153 47 159
3 Inf 6 2 1 1 1
2 1 1 2 1 4 4
72 18 128 131 85 74 33
1 3
1 4
1 5
1 8
1 19
1 21
1 22
1 23
1 24
1 26
2 6
2 17
3 28
4 28
5 28
6 7
7 18
8 9
9 10
10 11
10 12
11 15
12 13
13 14
13 16
14 28
15 28
16 28
17 28
18 28
19 20
20 28
21 28
22 28
23 28
24 25
25 28
26 27
27 28
-1 -1
