25
4 2 3 5 2 8
3 3 6 4 2 4
9 11 3 2 8 Inf
5 9 6 1 3 3
9 5 17 8 Inf 6
4 4 5 5 1 7
8 2 7 15 4 1
7 3 4 14 2 14
5 2 4 Inf 1 6
1 1 1 2 2 1
3 3 3 4 5 Inf
1 1 1 2 1 2
5 8 7 1 Inf 2
3 Inf 1 2 6 5
5 5 7 Inf 5 Inf
3 1 4 1 5 2
13 17 25 16 8 5
5 10 Inf Inf 7 5
2 4 1 2 3 2
3 Inf 2 1 1 1
7 13 13 12 Inf 8
5 5 10 8 7 10
3 4 Inf 2 Inf 6
8 Inf 16 14 1 7
4 5 Inf 5 5 4
1 3
2 3
3 4
4 5
4 8
5 6
6 7
6 10
7 11
7 12
8 9
8 11
9 13
9 10
11 13
12 15
13 14
14 16
14 19
14 20
15 17
15 22
16 18
17 18
17 23
18 25
19 22
20 21
20 25
21 22
21 24
23 25
-1 -1
