70
17 7 25 10 Inf 12 1 23 16 21 25 27 27 16 Inf 3 10
66 67 27 73 104 35 88 116 75 16 32 120 130 117 30 93 99
54 23 21 92 34 36 102 108 53 100 16 55 28 24 Inf 58 96
52 57 Inf 85 Inf 101 103 Inf 79 40 Inf 34 26 24 83 31 70
6 9 5 8 5 6 1 3 12 12 Inf 2 9 6 7 2 5
88 147 155 33 30 94 98 19 109 Inf 33 39 48 77 63 78 86
21 Inf 11 37 32 8 10 14 5 24 9 Inf 19 18 12 42 13
128 90 90 221 168 77 71 101 6 158 81 30 Inf 88 108 10 218
68 Inf 53 36 54 Inf 130 5 134 Inf 69 123 92 12 50 2 127
70 60 135 96 74 37 33 128 107 61 12 49 132 101 80 13 5
85 88 125 149 53 15 21 67 52 101 135 Inf 168 131 131 95 92
21 1 37 6 26 10 26 23 Inf 11 29 7 1 41 32 10 41
134 16 Inf 76 122 258 118 214 16 46 24 173 223 181 67 20 110
135 197 162 202 189 117 52 53 210 113 67 Inf 109 153 145 199 45
94 Inf 101 111 Inf 115 155 109 105 114 42 151 105 21 175 22 69
90 177 100 56 160 48 164 Inf 127 77 23 84 180 116 29 44 4
50 94 57 38 24 49 99 86 22 17 4 Inf 31 2 Inf 41 86
143 Inf 232 188 31 120 240 220 123 262 282 26 Inf 66 136 5 104
19 Inf 36 1 22 22 12 37 14 3 3 8 1 10 6 29 Inf
54 Inf 27 107 Inf 106 17 5 41 38 22 2 20 20 18 76 89
50 14 66 53 33 Inf 1 30 96 Inf 93 93 51 92 Inf 63 Inf
40 22 16 69 13 17 32 Inf 39 9 71 Inf 38 20 28 Inf 54
73 8 42 85 118 68 30 26 112 127 99 35 67 25 26 123 110
12 8 7 1 1 5 7 Inf 5 16 23 7 Inf 21 17 10 21
152 86 30 143 121 220 Inf 225 230 76 107 277 86 200 163 Inf 283
42 11 5 29 58 52 7 3 37 74 22 Inf 30 38 68 30 50
45 64 13 52 Inf 79 5 3 23 18 30 59 30 88 15 41 12
74 52 27 40 104 127 36 60 Inf 3 145 30 Inf 26 Inf 3 126
26 43 12 11 31 42 41 15 Inf 36 47 14 17 3 28 21 5
11 13 22 3 19 4 7 Inf 2 10 22 Inf 18 2 3 3 20
31 50 6 27 9 3 15 44 38 Inf 55 28 2 12 20 14 38
50 83 60 Inf 21 9 98 50 80 85 Inf 83 32 27 9 60 62
102 80 63 30 2 10 87 54 93 103 121 Inf 36 69 Inf 132 Inf
46 10 51 55 27 14 50 29 10 85 4 51 90 Inf Inf 64 30
35 54 13 31 35 5 69 51 40 Inf Inf 42 28 6 61 35 18
40 31 44 24 Inf 35 36 39 10 68 14 69 67 Inf 9 63 51
2 2 4 2 3 2 4 1 3 1 2 1 4 2 4 4 Inf
1 1 1 2 2 2 Inf 2 1 Inf 1 1 Inf 1 2 1 1
3 4 2 Inf 3 2 2 5 Inf 5 3 4 4 3 3 3 2
13 6 17 9 1 Inf 16 1 10 17 25 1 1 2 5 Inf 25
16 28 25 32 4 2 Inf 1 Inf 17 3 22 28 Inf 32 22 18
25 17 46 38 Inf 9 Inf 9 15 32 19 50 12 Inf 20 18 Inf
21 23 17 38 15 2 40 5 8 34 25 25 10 8 18 10 Inf
43 66 34 18 28 50 56 13 Inf 59 69 1 66 70 47 73 4
30 51 4 20 3 36 Inf 14 7 49 2 6 40 Inf 32 Inf Inf
83 67 143 19 63 6 5 102 114 32 134 82 145 101 33 26 84
89 76 72 65 15 55 Inf 30 12 84 34 27 41 31 5 117 Inf
56 105 Inf 15 89 Inf 111 111 93 99 34 15 Inf 25 Inf 51 48
59 65 46 38 35 4 19 71 84 106 Inf 3 44 19 110 97 70
43 59 85 32 68 1 6 19 27 Inf 35 72 1 38 48 16 7
11 8 14 Inf 18 Inf 6 7 9 10 18 22 16 7 Inf 11 18
26 33 45 Inf 1 17 8 23 14 7 Inf 43 10 5 4 43 6
44 Inf 7 Inf 87 54 62 83 42 Inf 33 43 34 67 52 59 83
121 17 Inf 13 100 93 77 79 225 196 181 1 191 53 106 191 21
38 38 Inf 48 67 13 Inf 44 46 8 57 23 4 25 59 48 61
68 1 22 37 15 Inf 104 41 Inf 84 4 10 57 129 20 Inf 123
22 34 Inf Inf 31 7 35 39 20 42 10 9 38 34 32 4 5
7 11 12 5 2 4 1 Inf 1 Inf 7 3 9 11 Inf 1 8
16 Inf 16 5 Inf Inf 27 20 25 5 20 28 4 27 18 5 32
32 17 16 30 3 7 52 14 8 51 10 39 16 4 19 64 64
25 19 Inf 48 20 46 7 25 42 12 11 43 44 Inf 14 36 44
27 48 38 27 18 Inf Inf 14 36 39 42 50 33 33 30 20 40
156 277 1 Inf 72 123 245 166 125 56 Inf 35 Inf 20 Inf 49 274
28 17 49 51 6 Inf 13 31 46 Inf 26 23 46 30 27 Inf 40
15 Inf 11 14 20 22 11 5 22 24 16 14 19 23 28 20 22
26 21 28 13 8 24 7 40 Inf 1 4 35 Inf 16 35 2 47
18 8 Inf 29 18 5 7 24 9 Inf 22 12 24 31 11 10 19
72 83 22 1 39 96 139 51 77 33 113 Inf 38 87 10 76 37
23 44 12 35 6 38 46 23 25 22 19 Inf 21 38 9 10 33
27 9 12 17 38 9 8 13 12 Inf 10 21 49 35 45 39 2
1 2
1 41
1 69
1 70
2 3
3 4
3 68
4 6
4 7
5 6
5 24
5 30
6 8
7 8
8 12
9 10
10 11
11 12
12 13
12 14
13 23
14 23
15 16
16 17
16 18
17 19
18 19
19 20
19 22
19 57
20 21
21 23
22 23
23 25
23 31
23 33
24 25
25 26
25 27
25 28
25 29
26 35
27 35
28 35
29 35
30 31
31 32
32 35
33 34
34 35
35 36
35 44
35 48
35 51
35 53
35 56
35 60
35 61
35 62
36 37
37 38
38 39
39 40
40 42
41 42
42 43
43 50
44 45
45 46
46 47
47 50
48 49
49 50
51 52
52 54
53 54
54 55
57 58
58 59
59 60
61 65
62 63
63 64
64 65
64 66
64 67-1 -1
