75
23 12 4 1 17 12 39 28 4 12 27 9 36 15 Inf 5 39 16 41
24 48 25 4 Inf 39 6 25 16 10 27 41 2 Inf 20 1 Inf 14 1
25 29 20 8 6 Inf 43 6 2 2 39 33 48 30 Inf 33 49 23 5
26 38 48 45 39 10 Inf 23 12 38 40 Inf 37 49 42 42 Inf Inf Inf
23 25 11 41 26 34 6 17 6 3 16 13 36 44 24 41 Inf 32 12
22 Inf 35 33 41 44 5 8 1 44 5 11 27 36 Inf 31 27 11 3
6 9 3 8 8 5 1 9 5 9 2 1 7 8 7 Inf 2 1 9
22 41 26 33 Inf Inf 40 31 37 Inf 8 24 2 25 32 19 40 3 32
23 2 46 25 26 7 Inf 16 6 19 Inf 10 39 5 2 41 45 11 5
21 Inf 12 10 33 Inf 18 14 8 Inf 23 34 18 23 Inf 28 23 36 41
22 2 36 31 16 9 44 26 Inf 9 21 5 32 19 33 34 Inf Inf 19
15 11 1 23 10 3 11 16 7 13 4 3 27 5 22 16 22 6 2
5 5 2 3 1 1 2 3 1 10 1 4 6 8 4 9 2 5 9
23 7 13 Inf 9 17 45 Inf 40 16 43 45 Inf 25 23 16 Inf 38 21
4 Inf Inf Inf 5 6 3 8 5 3 Inf 4 3 Inf 3 7 5 2 2
26 48 Inf 1 Inf 23 9 11 2 4 42 16 13 8 Inf 9 18 40 52
21 10 14 10 8 26 1 6 25 4 10 36 9 23 25 2 Inf 12 23
5 1 4 Inf 1 6 7 6 6 Inf 9 1 Inf Inf 4 1 Inf 3 3
24 47 1 20 20 38 Inf 4 Inf 15 31 36 24 1 37 36 23 46 29
25 1 27 40 22 12 23 Inf 20 36 18 10 30 1 1 14 33 5 13
26 13 4 25 Inf 27 Inf 15 11 51 8 45 27 7 Inf 26 19 34 38
26 8 Inf 7 48 Inf 29 19 12 4 2 11 7 Inf Inf 47 Inf 10 24
24 27 43 44 Inf 9 28 32 14 3 30 48 26 7 13 Inf 16 35 9
27 27 Inf Inf 21 10 31 20 28 52 47 1 10 35 16 10 10 3 24
20 18 38 12 38 38 12 12 22 6 21 37 34 2 9 30 Inf 3 9
23 2 36 26 25 Inf 17 27 20 10 24 27 30 38 24 2 7 Inf 46
25 13 2 Inf 16 20 3 49 19 3 20 Inf 18 2 Inf 11 15 42 38
13 11 Inf 4 24 25 6 6 7 16 23 13 14 19 17 26 2 Inf 1
3 5 6 2 6 2 Inf 3 4 6 5 3 3 3 6 3 5 1 4
11 8 10 Inf 3 Inf Inf 2 17 4 16 9 1 1 Inf 3 14 13 22
21 23 Inf 12 8 Inf Inf 1 Inf 1 3 6 Inf 8 13 18 1 42 9
22 5 29 16 30 32 3 19 10 3 34 Inf 43 16 39 2 27 9 43
21 25 5 27 7 2 29 19 6 27 7 13 14 2 9 14 29 Inf 42
22 41 Inf 40 13 2 17 35 11 32 24 Inf 39 42 Inf 33 42 28 11
25 30 30 7 31 17 45 36 6 8 26 3 42 5 24 33 14 48 Inf
8 16 Inf 13 13 16 9 Inf Inf 5 Inf 8 10 16 Inf 4 Inf 2 3
22 Inf 35 33 24 23 37 39 36 30 6 30 5 30 12 Inf 19 10 35
24 47 6 2 13 18 4 19 29 33 33 24 29 18 1 33 12 7 30
22 40 6 7 8 11 44 38 42 8 35 6 32 30 36 3 26 25 5
21 Inf 39 14 37 1 5 17 40 26 28 Inf 35 1 8 39 10 33 28
6 3 Inf 9 4 11 8 5 3 11 Inf 9 Inf 8 1 3 1 12 8
26 40 13 44 36 43 18 2 49 3 31 4 35 Inf 7 30 Inf Inf 32
22 24 Inf 32 43 4 44 Inf 5 17 42 37 1 Inf Inf 39 2 34 12
6 2 8 2 2 5 12 7 4 4 7 11 6 8 9 8 6 8 1
21 Inf 20 Inf 30 41 40 18 22 11 10 29 36 3 3 7 15 15 23
25 39 38 7 32 22 13 17 6 6 Inf 9 40 23 10 27 29 29 25
11 Inf 3 Inf 4 2 Inf 3 Inf 10 Inf 22 4 17 16 7 15 4 Inf
22 5 42 38 20 36 10 3 Inf 40 4 44 32 38 20 22 5 44 13
21 Inf 33 13 Inf 32 29 28 23 40 13 Inf 7 40 Inf 11 21 14 35
25 19 45 48 15 16 8 5 6 18 43 Inf 27 Inf 3 Inf 48 7 6
22 13 2 13 43 28 29 24 Inf 38 1 9 27 42 28 25 22 18 44
22 6 4 18 38 43 10 3 12 42 Inf Inf 35 43 26 16 20 32 Inf
23 Inf 5 38 10 43 11 40 40 16 45 12 21 3 28 12 40 Inf 8
22 12 26 32 Inf 7 9 23 Inf 21 22 Inf 15 25 40 Inf 12 41 17
22 24 10 25 11 29 24 10 Inf 33 31 Inf Inf 43 8 Inf 18 Inf 15
25 46 Inf 37 5 1 23 16 42 17 22 Inf 11 Inf 37 35 37 47 18
23 40 6 29 37 42 29 46 37 40 15 9 1 26 7 21 15 10 22
21 10 8 21 Inf 10 12 35 Inf 3 7 15 15 Inf 37 34 30 17 39
22 13 30 Inf 14 41 Inf 2 Inf 34 43 40 20 2 Inf 34 3 9 22
22 Inf 29 6 9 42 18 42 27 31 20 32 4 Inf 36 28 1 22 42
22 5 38 41 2 37 Inf Inf 32 37 18 44 4 19 10 24 36 21 41
22 26 38 20 16 4 1 8 32 19 13 7 18 Inf Inf Inf 37 17 10
21 40 16 36 41 8 5 24 24 Inf 15 16 11 4 27 6 13 25 35
27 33 10 Inf Inf 3 45 8 Inf 39 6 43 33 Inf 30 Inf 37 54 33
23 44 36 6 24 7 30 8 13 46 17 25 6 13 6 42 30 46 39
2 3 3 3 4 Inf 3 4 1 4 3 4 3 3 Inf 3 4 3 2
26 13 33 24 2 24 3 36 6 52 14 47 1 23 8 3 14 30 38
25 19 35 23 29 27 5 41 18 8 48 2 8 Inf 44 43 15 7 6
24 10 22 12 4 20 Inf 30 25 16 46 4 42 Inf 38 1 Inf 15 18
22 40 7 32 33 36 28 4 Inf 9 16 32 22 31 31 22 34 41 16
24 40 8 13 11 30 17 43 Inf 4 8 34 2 7 Inf 38 18 28 32
4 2 3 2 7 Inf 3 Inf 4 3 3 3 6 5 1 5 Inf 2 1
22 20 2 42 Inf 1 25 29 12 42 31 2 32 27 24 32 11 7 18
10 Inf Inf 1 13 2 6 6 7 Inf 20 10 3 14 16 15 8 18 16
25 4 47 8 17 5 28 50 37 33 49 31 43 30 18 48 6 1 5
1 2
1 3
1 4
1 5
1 6
1 7
2 15
3 13
3 24
4 8
4 14
4 16
5 12
5 15
6 9
6 10
6 11
6 13
9 20
9 24
10 18
12 19
13 22
15 17
15 20
15 23
16 21
16 26
17 30
18 26
18 30
20 27
21 33
24 25
25 28
25 30
25 33
25 34
26 31
26 32
26 41
27 29
27 35
27 36
31 37
31 39
32 44
32 45
33 41
35 38
35 42
36 40
36 43
39 51
40 46
42 47
43 48
43 50
46 51
46 48
47 49
47 50
47 52
47 53
49 59
49 61
49 62
50 54
50 55
50 60
50 62
52 56
52 57
53 58
55 63
58 65
59 64
59 66
62 67
66 68
68 69
68 70
68 71
68 72
68 73
68 74
68 75
-1 -1
