28
70 17 Inf 64 103 88 Inf
59 67 88 44 117 89 59
33 55 59 64 43 3 62
6 4 8 8 12 12 3
1 2 1 2 2 1 1
27 20 5 26 4 17 1
17 17 Inf 29 16 13 29
62 17 117 26 109 23 47
31 38 14 12 59 33 19
53 31 86 Inf 41 88 86
21 37 1 29 23 37 36
19 Inf 3 Inf 25 27 2
108 191 27 46 184 162 45
52 24 71 99 85 21 67
5 8 1 Inf 7 10 6
8 Inf 9 7 15 10 15
97 145 21 119 Inf 6 30
8 12 7 1 4 8 6
47 Inf 7 32 26 Inf 15
67 Inf 114 35 49 61 117
17 16 22 32 23 8 15
8 15 6 Inf 14 Inf 6
3 3 3 5 5 3 3
21 24 11 41 Inf 12 33
107 87 15 5 47 85 17
3 3 4 3 6 2 4
2 3 Inf 1 4 4 4
72 80 133 30 91 21 3
1 3
1 4
1 5
1 8
1 19
1 21
1 22
1 23
1 24
1 26
2 6
2 17
3 28
4 28
5 28
6 7
7 18
8 9
9 10
10 11
10 12
11 15
12 13
13 14
13 16
14 28
15 28
16 28
17 28
18 28
19 20
20 28
21 28
22 28
23 28
24 25
25 28
26 27
27 28
-1 -1
