25
4 5 1 2 5 Inf
3 1 2 4 2 4
9 1 15 Inf 4 9
5 2 2 2 8 2
9 10 3 17 10 17
4 8 8 2 6 2
8 10 1 3 2 8
7 4 1 13 Inf 3
5 9 1 2 5 3
1 1 2 2 1 2
3 3 Inf 2 6 2
1 1 1 1 2 Inf
5 10 7 7 3 5
3 6 1 Inf 2 4
5 1 4 10 9 3
3 4 3 1 Inf 2
13 12 19 3 9 7
5 7 9 9 Inf 1
2 4 1 2 2 3
3 4 Inf 3 1 2
7 11 13 9 3 3
5 3 8 3 9 8
3 5 4 5 3 1
8 1 10 8 Inf 2
4 8 8 5 Inf 2
1 3
2 3
3 4
4 5
4 8
5 6
6 7
6 10
7 11
7 12
8 9
8 11
9 13
9 10
11 13
12 15
13 14
14 16
14 19
14 20
15 17
15 22
16 18
17 18
17 23
18 25
19 22
20 21
20 25
21 22
21 24
23 25
-1 -1
