70
17 7 13 33 6 20 14 23 2 11 21 7 12 25 16 20 Inf
66 92 20 9 13 Inf 33 2 106 77 60 96 129 110 115 70 Inf
54 51 97 15 107 34 44 63 9 83 Inf 49 56 80 49 Inf 2
52 98 79 71 43 54 Inf 48 99 11 16 87 48 67 54 24 73
6 6 2 12 11 7 8 4 5 6 1 Inf 7 3 7 9 4
88 150 79 140 2 76 131 29 16 10 135 169 Inf 132 174 79 40
21 18 25 33 3 8 Inf 22 Inf 12 42 35 10 14 9 Inf 1
128 13 191 205 102 196 215 88 187 65 218 183 69 94 37 120 217
68 63 48 Inf 41 43 126 34 23 11 15 119 Inf 19 20 136 123
70 31 49 127 96 122 58 122 102 139 46 88 64 24 130 90 26
85 68 158 163 133 92 96 33 27 78 147 2 30 146 Inf 68 24
21 41 33 40 4 32 30 41 14 4 13 2 8 16 9 11 22
134 Inf 101 Inf 146 182 36 32 190 Inf 53 176 211 208 72 79 217
135 263 Inf 111 188 120 51 62 252 230 191 197 207 98 173 246 210
94 167 41 Inf 99 169 Inf Inf 42 41 24 61 3 160 168 27 121
90 104 28 153 4 175 120 77 91 15 18 140 56 34 18 35 90
50 10 79 44 75 Inf 52 45 3 36 76 28 75 66 13 49 2
143 4 93 212 128 115 89 42 133 152 271 201 41 119 Inf 48 14
19 Inf 2 Inf 6 10 16 33 4 Inf 5 29 7 6 28 3 32
54 37 51 23 Inf 108 Inf 67 Inf Inf 89 43 8 9 5 Inf 28
50 54 89 47 5 65 47 43 90 82 56 44 31 59 39 39 76
40 42 24 15 6 46 36 57 8 Inf 73 66 58 26 28 18 Inf
73 102 146 17 53 144 104 82 Inf 26 17 64 28 36 Inf 72 33
12 22 1 19 4 9 Inf 9 11 Inf Inf 22 15 Inf 7 5 14
152 43 303 Inf 257 19 64 260 243 51 50 132 266 38 84 Inf 101
42 34 56 37 83 40 45 Inf 50 29 77 68 53 13 Inf 83 13
45 34 11 14 64 6 47 16 57 16 66 86 6 41 61 8 50
74 58 63 114 48 Inf 17 40 Inf 99 126 34 4 55 27 39 32
26 43 37 12 14 27 51 5 27 30 10 37 30 42 25 44 Inf
11 3 1 6 7 Inf 18 14 10 6 12 9 6 21 6 6 Inf
31 44 16 37 56 19 20 48 8 12 34 46 6 52 26 57 20
50 30 24 40 11 82 19 72 79 81 78 90 3 Inf 99 93 Inf
102 95 117 133 34 52 31 103 160 Inf 39 47 Inf 29 39 170 87
46 22 88 28 15 38 88 64 66 43 74 25 45 65 19 62 49
35 62 32 50 Inf 38 54 70 14 8 10 36 15 Inf 1 24 21
40 20 18 17 51 57 31 63 3 13 35 11 14 66 Inf 1 Inf
2 Inf 1 4 Inf 1 1 3 2 1 2 1 3 3 1 1 4
1 1 Inf 2 2 2 2 2 Inf 1 2 1 2 1 Inf 1 Inf
3 4 4 4 2 5 6 4 1 1 2 Inf 4 Inf 5 5 2
13 11 22 10 1 17 Inf 22 Inf 23 3 11 23 4 10 4 5
16 Inf Inf 26 19 21 30 26 28 15 14 17 15 1 15 5 6
25 43 40 10 28 Inf 45 8 21 2 11 48 3 11 47 41 16
21 2 39 Inf 19 42 21 15 36 17 5 1 1 35 7 18 Inf
43 Inf 65 12 38 52 5 42 65 15 61 61 24 3 75 56 84
30 34 13 58 6 21 9 53 55 13 33 44 16 Inf 54 55 60
83 111 Inf 80 59 10 95 161 63 83 40 31 32 166 142 44 14
89 122 144 166 90 154 Inf 138 37 22 164 80 119 88 5 140 31
56 7 70 Inf 28 47 80 62 Inf 73 106 2 86 68 86 105 72
59 69 3 37 50 94 101 97 7 10 21 74 100 106 79 19 19
43 Inf 65 Inf 43 3 79 57 23 32 86 14 38 84 Inf 26 73
11 1 3 15 Inf 14 12 16 16 21 1 1 5 2 Inf 5 9
26 34 2 36 31 47 52 50 10 3 51 41 25 7 31 18 Inf
44 17 Inf 12 39 Inf 88 40 54 23 16 59 78 23 62 86 87
121 204 146 30 Inf 19 32 141 30 28 193 212 184 Inf 10 172 154
38 42 43 54 38 1 42 37 4 72 4 24 41 2 21 54 30
68 80 74 123 44 41 19 67 42 Inf 78 Inf 112 117 2 Inf Inf
22 25 4 27 24 2 35 5 Inf 40 14 Inf 23 4 30 20 43
7 12 11 3 12 3 3 2 Inf 5 7 1 4 13 7 6 14
16 14 11 9 8 Inf 7 2 Inf 22 9 15 Inf 22 9 31 30
32 23 14 57 9 11 52 5 Inf 40 55 64 24 57 Inf 8 34
25 16 11 35 29 10 33 37 19 10 37 37 31 19 42 25 Inf
27 37 23 8 32 9 25 15 23 29 7 22 30 33 42 13 17
156 81 133 40 28 Inf 49 280 Inf 5 Inf 228 236 34 231 16 152
28 8 50 Inf 8 19 Inf 13 12 9 49 49 5 43 25 Inf 33
15 5 4 21 8 16 2 26 4 2 22 27 17 6 4 6 28
26 7 1 26 10 30 38 40 21 14 15 34 30 12 10 41 52
18 19 27 Inf 9 16 14 36 10 31 4 21 34 21 25 12 5
72 37 126 50 70 44 10 20 75 72 28 Inf 78 Inf Inf 19 118
23 Inf 6 36 18 13 33 Inf 36 Inf 15 Inf 34 38 8 28 Inf
27 42 19 38 33 Inf 7 50 8 17 30 4 9 Inf 21 24 14
1 2
1 41
1 69
1 70
2 3
3 4
3 68
4 6
4 7
5 6
5 24
5 30
6 8
7 8
8 12
9 10
10 11
11 12
12 13
12 14
13 23
14 23
15 16
16 17
16 18
17 19
18 19
19 20
19 22
19 57
20 21
21 23
22 23
23 25
23 31
23 33
24 25
25 26
25 27
25 28
25 29
26 35
27 35
28 35
29 35
30 31
31 32
32 35
33 34
34 35
35 36
35 44
35 48
35 51
35 53
35 56
35 60
35 61
35 62
36 37
37 38
38 39
39 40
40 42
41 42
42 43
43 50
44 45
45 46
46 47
47 50
48 49
49 50
51 52
52 54
53 54
54 55
57 58
58 59
59 60
61 65
62 63
63 64
64 65
64 66
64 67-1 -1
