75
23 27 2 22 37 30 11 18 11 44 20 5 10 34 46 35 37 10 16
24 6 14 13 Inf 31 19 12 21 32 10 42 17 1 9 Inf 12 Inf 27
25 31 42 18 35 6 9 Inf 10 Inf 18 24 Inf 47 Inf 19 21 49 2
26 Inf 41 44 Inf 6 30 Inf 24 27 4 39 17 6 48 39 Inf 27 11
23 46 11 Inf 35 27 32 2 Inf 13 7 40 1 21 4 10 8 36 23
22 39 31 2 34 7 6 6 28 24 Inf 12 12 6 33 12 29 25 Inf
6 12 8 5 11 Inf 7 Inf 1 4 2 7 12 11 Inf 6 10 Inf 1
22 39 24 25 12 34 41 10 13 38 7 22 43 Inf 12 13 8 38 18
23 Inf 28 22 39 31 31 11 25 40 8 27 22 4 Inf 27 18 9 7
21 26 12 28 30 7 40 16 22 36 29 31 14 2 Inf 37 8 8 29
22 27 32 32 24 27 7 43 11 42 25 43 19 13 38 11 6 31 Inf
15 9 Inf 6 29 16 30 23 25 24 27 1 10 21 11 8 30 16 30
5 9 7 3 1 6 3 Inf 2 10 3 5 9 1 3 10 5 9 10
23 20 Inf 12 42 24 36 33 Inf 14 43 10 3 24 28 37 4 29 39
4 1 5 8 5 8 3 Inf 1 Inf 4 2 5 6 6 2 Inf 1 1
26 1 42 35 23 Inf 36 5 Inf 45 7 8 12 4 4 26 3 6 32
21 10 3 9 5 3 Inf 1 Inf Inf 8 33 Inf 38 32 42 8 10 35
5 1 1 2 Inf 5 2 5 10 10 1 Inf 3 10 7 8 2 10 1
24 9 38 6 12 Inf 38 15 31 20 12 12 Inf 6 1 43 26 46 6
25 4 25 2 19 9 23 5 4 3 22 9 11 17 3 37 Inf Inf Inf
26 12 41 51 38 52 50 33 17 36 16 4 13 7 12 52 41 39 31
26 14 Inf 12 9 8 42 47 19 14 9 32 38 15 Inf 49 7 8 37
24 Inf 23 37 Inf 18 Inf 44 2 Inf 33 Inf 34 5 Inf 32 Inf Inf 45
27 20 44 27 27 33 3 2 28 Inf 5 54 25 16 8 47 50 30 21
20 21 19 2 17 27 21 39 1 6 Inf Inf 2 Inf 3 28 26 23 8
23 12 21 Inf 44 32 Inf 11 20 46 46 4 39 15 31 4 22 8 23
25 47 Inf 40 48 36 Inf 24 Inf 37 24 37 Inf 46 33 Inf 43 31 18
13 21 17 2 25 13 Inf 3 19 25 1 24 3 6 12 22 15 25 1
3 4 1 6 6 3 4 5 Inf 3 3 6 5 4 4 6 1 1 Inf
11 14 7 17 17 17 16 6 3 10 10 1 8 14 21 20 18 22 3
21 19 4 2 8 Inf 18 9 1 34 Inf 22 19 34 10 Inf Inf 4 32
22 42 31 28 27 42 28 13 Inf 16 9 Inf 4 2 15 Inf 41 7 43
21 8 20 14 12 24 29 23 21 11 26 23 10 18 26 12 Inf 25 39
22 44 8 1 20 29 2 13 22 19 7 17 7 31 3 7 Inf 5 29
25 46 38 16 49 Inf 7 21 34 43 6 23 5 31 3 12 26 2 4
8 Inf 1 Inf 8 16 12 10 2 7 Inf 2 7 16 12 7 16 4 3
22 41 33 25 2 9 34 12 18 1 7 40 24 12 8 28 12 22 33
24 15 18 8 3 17 22 31 Inf 25 39 2 38 31 42 Inf 3 10 Inf
22 13 21 7 4 Inf 41 4 30 31 Inf 3 5 Inf 12 23 41 2 34
21 24 Inf 38 40 17 11 8 9 Inf 28 1 33 8 14 28 Inf 26 6
6 10 1 5 10 10 7 2 3 7 1 9 8 10 Inf 8 7 2 5
26 11 52 16 8 Inf 4 47 41 Inf 52 24 35 19 11 2 Inf 4 35
22 40 43 18 43 29 Inf 9 7 42 4 38 6 10 38 17 2 23 37
6 8 Inf 3 1 12 11 2 2 6 7 6 1 6 Inf 8 8 Inf 6
21 Inf 29 6 11 31 Inf 22 16 42 13 31 4 22 9 37 2 42 25
25 39 3 48 3 4 Inf 6 45 48 39 Inf 3 3 13 Inf 9 27 15
11 3 3 4 10 8 13 10 3 10 5 1 22 4 16 13 17 7 18
22 44 35 35 25 22 28 40 37 41 35 24 37 4 35 20 14 Inf 33
21 33 36 25 Inf 1 3 5 30 28 29 37 Inf 5 13 39 37 Inf 22
25 49 43 36 11 17 7 18 39 15 18 22 15 43 Inf 47 21 18 50
22 27 19 34 Inf 22 35 42 24 Inf 3 15 4 8 8 20 1 35 7
22 23 10 2 36 5 23 16 19 35 27 40 21 37 Inf 29 36 21 33
23 27 3 14 29 1 12 13 14 30 24 10 8 45 45 12 26 38 3
22 1 7 10 30 38 1 1 37 42 24 26 40 8 18 24 2 23 12
22 2 19 42 Inf 43 42 26 26 Inf 7 23 Inf 4 3 43 24 35 31
25 12 10 Inf 9 23 43 27 8 43 29 Inf 25 42 49 Inf 1 3 3
23 36 9 Inf 1 18 Inf 19 33 28 11 35 12 26 Inf 28 Inf 25 28
21 6 32 8 41 39 7 13 9 35 31 24 24 16 11 20 Inf 30 25
22 36 33 38 44 8 16 22 39 14 1 37 31 4 33 35 22 11 39
22 17 40 16 43 1 27 1 10 17 12 19 44 5 Inf 1 19 42 12
22 16 26 21 43 2 41 41 Inf 8 19 14 34 24 23 40 7 33 Inf
22 30 Inf Inf 37 5 43 15 Inf 15 Inf 27 35 40 21 Inf 31 7 5
21 1 42 Inf Inf Inf 37 3 12 35 Inf 10 27 7 30 14 3 10 12
27 39 38 31 52 3 52 10 32 15 37 19 31 14 47 54 14 16 29
23 30 17 44 27 22 20 Inf 12 27 12 39 8 9 4 13 1 25 18
2 2 4 3 3 3 2 Inf 3 2 Inf Inf 4 Inf 2 1 1 1 1
26 48 31 43 13 29 Inf 46 35 Inf 52 48 13 48 14 44 32 26 48
25 16 30 Inf 12 30 37 2 40 29 46 24 43 16 38 28 14 11 22
24 3 31 Inf 13 33 13 1 35 4 12 13 26 21 19 13 3 45 32
22 13 32 7 31 8 22 Inf 28 3 38 37 35 2 17 Inf 2 38 23
24 19 38 21 15 7 25 33 3 1 10 22 12 Inf 1 15 31 12 9
4 8 7 1 8 4 2 2 8 1 8 5 2 6 Inf 6 Inf 2 5
22 16 32 38 12 Inf 33 27 Inf 34 4 3 44 10 40 31 27 17 44
10 Inf 11 19 13 16 5 3 8 2 12 15 6 3 13 Inf 18 8 3
25 33 7 30 27 13 13 44 19 11 27 25 34 9 3 47 1 Inf 21
1 2
1 3
1 4
1 5
1 6
1 7
2 15
3 13
3 24
4 8
4 14
4 16
5 12
5 15
6 9
6 10
6 11
6 13
9 20
9 24
10 18
12 19
13 22
15 17
15 20
15 23
16 21
16 26
17 30
18 26
18 30
20 27
21 33
24 25
25 28
25 30
25 33
25 34
26 31
26 32
26 41
27 29
27 35
27 36
31 37
31 39
32 44
32 45
33 41
35 38
35 42
36 40
36 43
39 51
40 46
42 47
43 48
43 50
46 51
46 48
47 49
47 50
47 52
47 53
49 59
49 61
49 62
50 54
50 55
50 60
50 62
52 56
52 57
53 58
55 63
58 65
59 64
59 66
62 67
66 68
68 69
68 70
68 71
68 72
68 73
68 74
68 75
-1 -1
