28
70 Inf Inf 85 66 104 136
59 31 93 30 103 90 92
33 4 9 2 10 55 Inf
6 4 9 12 8 2 7
1 1 1 1 1 2 1
27 40 Inf 16 52 5 36
17 3 12 25 5 15 8
62 2 Inf 29 20 Inf 6
31 Inf 55 33 61 62 3
53 Inf 10 15 94 17 37
21 6 Inf 36 30 Inf 13
19 6 10 5 25 10 17
108 148 128 100 100 Inf 23
52 89 19 8 87 16 62
5 5 8 9 5 3 1
8 9 5 5 16 13 12
97 163 97 142 91 Inf Inf
8 3 8 3 Inf 10 14
47 1 33 66 3 79 89
67 7 19 52 97 82 96
17 7 Inf 7 18 10 21
8 8 15 7 1 Inf 6
3 1 1 1 5 4 Inf
21 17 39 37 8 4 42
107 45 173 115 124 178 106
3 1 4 6 6 2 6
2 4 4 2 3 4 1
72 137 5 9 116 28 80
1 3
1 4
1 5
1 8
1 19
1 21
1 22
1 23
1 24
1 26
2 6
2 17
3 28
4 28
5 28
6 7
7 18
8 9
9 10
10 11
10 12
11 15
12 13
13 14
13 16
14 28
15 28
16 28
17 28
18 28
19 20
20 28
21 28
22 28
23 28
24 25
25 28
26 27
27 28
-1 -1
