25
4 1 4 7 8 2
3 3 4 3 5 2
9 3 Inf 17 Inf 18
5 3 2 2 Inf 9
9 18 15 3 Inf 11
4 7 2 7 2 7
8 6 8 8 14 2
7 1 2 4 1 1
5 6 7 6 Inf 10
1 2 1 1 Inf 1
3 3 5 1 Inf 2
1 1 2 2 1 2
5 9 1 Inf 9 1
3 Inf 2 2 5 2
5 2 4 9 7 8
3 4 5 3 5 2
13 2 11 13 21 6
5 6 Inf 5 1 2
2 3 4 2 1 1
3 2 4 3 3 6
7 12 3 14 14 13
5 Inf 2 1 1 4
3 2 3 Inf 1 2
8 15 10 7 1 12
4 3 Inf 2 Inf 2
1 3
2 3
3 4
4 5
4 8
5 6
6 7
6 10
7 11
7 12
8 9
8 11
9 13
9 10
11 13
12 15
13 14
14 16
14 19
14 20
15 17
15 22
16 18
17 18
17 23
18 25
19 22
20 21
20 25
21 22
21 24
23 25
-1 -1
