70
17 Inf 1 7 3 33 10 14 5 1 17 28 2 11 Inf Inf 25
66 104 36 83 107 106 113 117 1 89 93 Inf Inf 96 54 Inf 15
54 25 28 16 71 26 31 101 20 31 34 99 Inf 12 86 36 38
52 Inf 57 93 61 96 103 77 93 93 27 98 22 48 89 20 70
6 1 12 9 1 1 11 1 3 2 12 Inf 9 3 6 7 1
88 89 98 58 101 36 151 6 19 141 120 Inf 64 96 139 140 123
21 30 8 2 4 19 39 39 30 25 25 27 36 Inf 34 Inf 27
128 33 46 105 Inf 190 49 161 61 35 46 Inf 9 216 Inf 86 Inf
68 32 59 Inf 121 Inf 25 50 120 12 57 6 Inf 114 51 107 116
70 56 106 138 101 112 112 107 50 1 81 36 131 16 18 12 22
85 85 8 75 7 46 2 21 Inf 150 103 116 11 144 18 52 134
21 12 19 11 Inf 19 25 1 32 6 34 17 10 1 Inf 29 Inf
134 3 75 201 127 34 253 35 247 65 114 94 262 251 57 173 243
135 28 198 83 104 179 93 238 141 49 260 Inf Inf Inf 22 28 259
94 38 86 177 40 134 13 169 95 17 185 142 85 131 Inf 169 57
90 19 13 19 146 98 Inf 43 41 110 178 69 129 45 160 52 33
50 58 Inf Inf Inf 21 10 Inf 82 99 2 Inf 76 79 64 52 72
143 19 149 7 276 21 284 7 30 147 125 102 Inf 2 174 63 47
19 Inf 17 27 Inf 33 8 13 14 5 29 23 26 3 Inf 2 9
54 54 Inf 29 106 35 34 42 Inf 21 54 48 12 68 21 58 41
50 82 10 Inf 63 85 13 73 34 77 Inf 51 Inf 22 60 19 4
40 15 79 11 26 45 Inf 44 34 37 24 20 51 69 75 Inf 43
73 91 19 Inf 87 141 137 8 82 18 70 130 49 11 108 10 115
12 16 23 22 3 21 Inf 3 17 2 12 7 13 4 9 12 21
152 282 Inf 218 222 39 Inf Inf 77 230 47 242 36 9 95 176 197
42 78 14 52 72 80 64 46 Inf 53 13 16 28 15 61 5 Inf
45 14 26 85 31 53 18 14 17 52 69 Inf 9 61 Inf 8 1
74 106 119 2 96 24 10 68 69 Inf 141 Inf Inf Inf 86 121 52
26 42 14 6 5 3 38 Inf Inf 8 17 29 51 12 24 41 16
11 14 21 21 16 11 7 8 9 5 Inf 9 1 5 5 17 17
31 2 49 Inf 51 32 41 44 28 6 13 39 51 60 30 46 41
50 62 39 86 41 3 67 10 100 34 Inf 80 62 35 85 56 67
102 125 161 168 133 87 149 Inf 12 112 30 46 125 121 53 27 105
46 2 26 7 24 2 20 58 Inf Inf 2 7 12 70 6 68 11
35 31 64 4 11 22 39 44 46 10 57 55 12 16 16 6 17
40 Inf 59 49 7 22 12 66 Inf 67 59 14 22 69 8 30 23
2 3 1 4 4 1 4 Inf 1 1 1 1 1 4 2 1 2
1 1 2 1 2 2 2 Inf Inf 1 1 2 2 1 2 1 1
3 4 6 4 3 4 4 6 1 2 3 6 5 6 Inf 5 4
13 23 19 22 14 5 Inf 14 6 2 25 13 1 6 15 9 7
16 16 Inf Inf Inf Inf 12 10 18 13 Inf 27 Inf 29 Inf 16 Inf
25 25 9 27 38 43 35 44 Inf 33 10 29 2 Inf 25 15 12
21 12 38 38 9 15 38 38 15 5 Inf 34 10 Inf 32 25 12
43 5 54 57 14 20 12 29 65 76 39 66 Inf 81 51 70 4
30 39 14 Inf 8 46 10 11 51 11 22 14 39 38 59 12 21
83 107 144 4 39 90 29 Inf Inf Inf 44 65 19 77 115 147 39
89 90 118 47 31 172 40 169 64 19 28 21 80 172 30 80 43
56 Inf 7 44 11 66 62 32 Inf 57 94 110 66 67 53 Inf 19
59 106 22 12 Inf 19 109 17 69 51 72 29 40 117 Inf 60 48
43 56 84 4 19 31 6 13 55 2 1 75 34 47 5 14 82
11 16 3 11 2 13 2 6 19 2 2 17 Inf 22 15 11 21
26 19 3 25 Inf 11 34 16 17 6 36 31 50 37 21 52 49
44 62 Inf 16 79 63 55 47 72 51 54 Inf Inf 20 9 43 Inf
121 164 85 186 139 202 14 170 156 207 175 177 239 138 193 222 102
38 58 27 8 58 Inf 40 35 43 Inf 44 59 6 19 Inf 52 10
68 78 101 22 54 122 9 28 26 78 5 115 Inf 111 104 19 42
22 42 Inf 33 3 23 33 Inf 2 12 Inf Inf 34 20 41 22 27
7 6 1 7 10 12 9 1 Inf 1 1 4 1 Inf 13 2 2
16 28 Inf 9 21 20 12 29 1 6 16 27 15 31 15 2 28
32 2 58 12 20 13 33 22 22 6 Inf 13 14 47 6 61 37
25 28 36 Inf 30 26 35 29 37 Inf 28 48 15 9 40 10 15
27 9 47 47 54 44 12 19 32 Inf 11 32 52 16 53 40 48
156 283 206 1 Inf 21 10 113 73 39 266 296 200 214 311 14 15
28 25 21 56 18 54 12 19 46 47 24 38 51 41 Inf 3 55
15 21 1 26 12 26 13 20 Inf 6 4 28 28 Inf 5 11 4
26 12 10 21 17 5 15 7 42 21 Inf 2 31 Inf 15 11 Inf
18 3 14 1 7 36 26 29 17 17 10 21 29 35 4 33 12
72 27 67 121 Inf 17 Inf 82 17 102 11 33 129 89 38 119 76
23 26 46 21 39 3 18 41 8 24 24 32 18 12 8 41 6
27 12 15 34 5 41 13 18 31 Inf 14 16 Inf Inf 43 9 11
1 2
1 41
1 69
1 70
2 3
3 4
3 68
4 6
4 7
5 6
5 24
5 30
6 8
7 8
8 12
9 10
10 11
11 12
12 13
12 14
13 23
14 23
15 16
16 17
16 18
17 19
18 19
19 20
19 22
19 57
20 21
21 23
22 23
23 25
23 31
23 33
24 25
25 26
25 27
25 28
25 29
26 35
27 35
28 35
29 35
30 31
31 32
32 35
33 34
34 35
35 36
35 44
35 48
35 51
35 53
35 56
35 60
35 61
35 62
36 37
37 38
38 39
39 40
40 42
41 42
42 43
43 50
44 45
45 46
46 47
47 50
48 49
49 50
51 52
52 54
53 54
54 55
57 58
58 59
59 60
61 65
62 63
63 64
64 65
64 66
64 67-1 -1
