75
23 26 32 26 1 Inf Inf 6 42 4 19 32 22 24 36 7 34 28 25
24 33 20 Inf 26 1 Inf 41 40 11 16 31 Inf 29 39 31 34 39 28
25 1 30 45 35 36 21 21 9 6 20 47 11 17 19 3 9 39 36
26 25 50 30 23 26 Inf 33 6 50 35 13 4 32 50 6 46 28 9
23 10 11 3 35 25 36 23 32 11 4 23 9 1 46 34 12 11 42
22 37 36 31 32 12 7 36 22 5 Inf 9 8 16 43 Inf 30 26 7
6 2 7 7 3 1 11 8 10 7 3 3 Inf 10 2 7 9 12 3
22 3 8 42 33 34 8 1 43 14 37 16 19 19 9 25 23 Inf 5
23 23 10 7 44 45 13 9 29 Inf Inf 17 Inf Inf 5 14 30 6 2
21 1 Inf 12 38 Inf 4 Inf 15 36 34 7 36 25 27 33 41 13 1
22 Inf Inf 21 18 19 31 29 Inf 1 41 10 8 7 40 1 4 44 21
15 2 1 6 6 23 17 3 18 11 24 3 3 22 Inf 1 28 5 21
5 3 9 2 9 5 1 1 4 10 3 Inf 8 4 Inf 2 8 2 5
23 43 27 42 19 15 45 30 13 30 15 33 13 Inf 30 40 45 5 18
4 8 4 8 2 4 2 7 2 5 8 1 2 Inf 2 8 5 3 3
26 44 20 Inf Inf Inf 7 9 27 1 44 34 49 Inf 10 42 21 3 40
21 41 26 16 16 7 1 Inf 39 2 4 33 Inf 10 9 16 1 33 1
5 7 10 7 Inf 4 4 10 7 6 3 10 3 5 2 5 1 Inf 1
24 40 47 37 26 48 23 42 42 35 9 14 Inf 2 Inf 2 Inf 35 16
25 44 8 23 37 4 Inf 37 35 8 45 42 39 40 7 49 27 25 43
26 17 50 Inf 3 33 7 Inf 7 19 4 Inf 11 46 36 35 1 37 12
26 Inf 4 8 18 51 12 10 Inf 25 34 36 6 36 17 Inf Inf Inf 19
24 Inf 5 4 38 21 Inf 22 21 21 11 13 2 40 11 Inf 22 38 12
27 29 7 24 35 9 38 33 24 23 47 Inf 15 22 13 34 39 41 39
20 11 28 18 12 7 1 3 35 28 23 5 Inf 1 37 5 18 18 5
23 6 Inf Inf 30 Inf 42 Inf 43 29 46 45 2 10 3 23 11 32 Inf
25 6 Inf 3 30 Inf 18 6 45 40 45 11 Inf 47 36 35 43 42 1
13 25 2 8 6 22 21 7 7 Inf 4 5 21 22 19 20 25 24 3
3 5 4 6 1 1 6 4 2 6 1 6 1 2 1 Inf 3 4 6
11 5 5 10 19 21 12 9 Inf Inf 13 22 Inf 14 5 1 7 8 Inf
21 22 38 Inf 9 9 27 36 25 37 36 31 Inf 12 Inf 41 21 22 1
22 19 12 32 12 Inf 8 44 37 25 4 43 29 2 20 4 12 42 Inf
21 24 29 Inf 25 14 Inf 8 5 8 20 1 5 2 4 28 31 12 Inf
22 15 13 6 13 Inf Inf 20 44 Inf Inf Inf 38 24 25 Inf 27 37 29
25 41 24 Inf 8 17 34 8 2 24 8 18 36 17 5 40 38 43 38
8 10 15 14 4 1 1 6 Inf 5 3 8 8 8 4 10 9 3 8
22 12 16 1 5 26 3 28 27 12 Inf 42 Inf 34 31 14 25 34 16
24 8 37 10 Inf Inf 48 Inf 14 19 25 8 22 Inf 47 16 Inf Inf 23
22 40 41 40 Inf 38 19 33 39 17 32 14 42 5 25 Inf 34 7 22
21 38 4 21 Inf Inf 23 9 24 3 27 1 2 9 9 37 13 Inf 41
6 Inf 8 9 2 12 9 2 1 5 Inf 6 5 6 Inf 12 8 4 2
26 10 12 24 6 30 Inf 21 17 36 1 3 46 20 32 40 25 33 16
22 5 14 6 Inf 5 Inf 31 20 22 23 37 24 17 8 11 Inf 40 23
6 3 Inf 4 2 1 Inf 2 5 2 3 6 2 12 Inf 1 11 4 7
21 11 39 36 10 34 29 31 7 Inf Inf 32 20 19 22 13 26 42 5
25 49 46 49 4 6 13 9 46 22 Inf Inf 17 2 36 2 42 13 40
11 10 12 15 14 17 Inf 4 22 15 22 6 4 12 14 5 17 10 5
22 40 19 11 25 27 Inf 43 Inf 7 11 9 42 Inf 11 43 21 5 40
21 15 1 10 2 41 19 38 27 42 4 41 Inf 40 37 20 10 41 27
25 8 43 25 6 Inf 46 Inf 31 2 15 24 Inf 3 1 50 28 4 18
22 37 34 32 2 38 42 30 19 15 18 10 14 34 12 16 15 Inf 42
22 3 43 9 29 9 28 23 1 18 20 5 Inf Inf 30 10 43 1 31
23 13 Inf 42 Inf 33 Inf 2 41 16 Inf 8 10 21 42 23 15 32 20
22 21 Inf Inf 42 Inf 35 1 8 Inf 40 28 9 Inf 41 21 44 Inf 9
22 12 Inf 6 29 40 Inf 8 20 42 41 3 15 26 9 Inf Inf 10 14
25 13 37 35 50 47 5 2 21 35 Inf Inf 25 10 11 41 17 Inf 18
23 31 4 1 18 10 39 8 28 2 8 36 37 25 41 9 5 23 6
21 22 6 37 34 16 27 Inf 20 42 3 4 12 Inf 5 35 21 2 42
22 15 3 Inf Inf 36 35 39 7 Inf Inf 42 38 25 38 Inf 3 39 15
22 25 3 28 22 Inf 11 14 17 7 44 6 Inf 6 26 Inf 41 5 13
22 27 23 41 Inf 37 3 28 Inf Inf 40 33 34 4 Inf 21 Inf Inf 24
22 9 12 12 11 Inf 37 42 7 28 19 10 Inf 26 43 44 17 29 35
21 Inf 12 37 39 36 Inf 10 14 37 42 8 12 32 8 3 15 Inf 32
27 36 36 17 Inf 26 45 27 40 21 19 34 52 36 49 32 18 12 41
23 39 7 Inf 39 1 13 18 45 3 20 40 3 17 20 26 41 7 4
2 Inf 1 3 2 1 2 2 3 1 1 Inf 1 2 Inf 2 2 Inf 4
26 Inf 13 35 3 3 42 31 17 3 38 23 14 49 45 2 7 18 Inf
25 17 29 23 6 32 47 43 49 37 30 14 2 1 28 12 27 23 39
24 34 38 32 Inf 20 Inf 31 45 Inf 46 47 2 34 Inf 8 7 8 42
22 42 43 Inf 39 29 6 23 23 5 10 32 18 15 11 29 31 Inf 39
24 28 41 32 32 43 6 36 33 29 2 29 Inf 15 23 Inf Inf 43 14
4 1 2 2 7 Inf 2 4 8 8 6 1 1 5 Inf 6 8 5 7
22 20 11 29 Inf 39 16 18 3 9 Inf 6 12 32 1 21 2 20 2
10 11 2 4 6 16 10 Inf 13 2 15 17 14 2 Inf 6 6 7 16
25 40 32 Inf 20 1 35 3 34 24 5 29 34 10 40 21 24 16 7
1 2
1 3
1 4
1 5
1 6
1 7
2 15
3 13
3 24
4 8
4 14
4 16
5 12
5 15
6 9
6 10
6 11
6 13
9 20
9 24
10 18
12 19
13 22
15 17
15 20
15 23
16 21
16 26
17 30
18 26
18 30
20 27
21 33
24 25
25 28
25 30
25 33
25 34
26 31
26 32
26 41
27 29
27 35
27 36
31 37
31 39
32 44
32 45
33 41
35 38
35 42
36 40
36 43
39 51
40 46
42 47
43 48
43 50
46 51
46 48
47 49
47 50
47 52
47 53
49 59
49 61
49 62
50 54
50 55
50 60
50 62
52 56
52 57
53 58
55 63
58 65
59 64
59 66
62 67
66 68
68 69
68 70
68 71
68 72
68 73
68 74
68 75
-1 -1
