28
70 Inf 22 44 22 1 79
59 35 98 77 Inf 66 Inf
33 33 7 48 16 58 48
6 7 4 9 5 5 12
1 1 2 1 2 2 1
27 35 21 54 8 30 47
17 21 8 31 33 13 5
62 51 82 28 123 91 112
31 35 62 23 57 54 9
53 92 32 100 65 Inf 56
21 Inf 10 21 9 32 28
19 3 9 Inf 4 33 33
108 182 156 9 128 115 105
52 97 Inf 8 98 Inf 6
5 8 Inf 7 2 9 5
8 3 4 13 2 12 12
97 34 20 Inf 154 120 93
8 1 3 12 13 Inf 10
47 68 4 77 92 45 Inf
67 50 109 99 27 68 38
17 18 10 25 33 5 18
8 6 1 Inf 6 9 1
3 1 1 Inf 2 2 4
21 8 28 13 19 23 35
107 201 96 136 39 26 23
3 6 3 6 6 Inf 4
2 Inf 1 2 2 1 4
72 137 144 Inf 118 23 114
1 3
1 4
1 5
1 8
1 19
1 21
1 22
1 23
1 24
1 26
2 6
2 17
3 28
4 28
5 28
6 7
7 18
8 9
9 10
10 11
10 12
11 15
12 13
13 14
13 16
14 28
15 28
16 28
17 28
18 28
19 20
20 28
21 28
22 28
23 28
24 25
25 28
26 27
27 28
-1 -1
