25
4 7 Inf 5 Inf 2
3 Inf 5 5 4 2
9 16 17 Inf 12 2
5 9 9 7 4 10
9 9 9 2 4 8
4 3 8 7 6 Inf
8 2 9 14 7 9
7 3 10 8 7 4
5 Inf 3 2 1 4
1 1 1 1 Inf 1
3 3 3 2 6 Inf
1 2 2 2 2 1
5 6 10 1 2 8
3 3 Inf Inf 6 4
5 10 5 2 8 8
3 5 1 1 4 3
13 23 5 Inf 16 7
5 5 5 4 Inf 2
2 4 2 1 3 1
3 4 5 1 6 4
7 4 8 10 3 11
5 4 1 2 8 9
3 1 6 3 2 3
8 14 3 5 4 3
4 Inf 6 1 8 7
1 3
2 3
3 4
4 5
4 8
5 6
6 7
6 10
7 11
7 12
8 9
8 11
9 13
9 10
11 13
12 15
13 14
14 16
14 19
14 20
15 17
15 22
16 18
17 18
17 23
18 25
19 22
20 21
20 25
21 22
21 24
23 25
-1 -1
