70
17 9 31 20 14 21 Inf 34 24 Inf 2 24 2 21 Inf 14 21
66 93 66 Inf Inf 9 49 110 36 118 76 43 74 124 38 44 4
54 1 71 41 9 10 6 7 18 9 36 71 51 24 66 68 85
52 57 49 72 42 7 32 3 22 62 33 39 37 34 Inf 14 32
6 Inf 11 2 Inf Inf 5 Inf Inf 10 10 4 10 2 2 12 3
88 30 61 55 15 141 Inf 7 90 Inf 169 169 Inf 40 11 37 167
21 23 7 10 10 Inf 26 34 42 22 Inf 6 Inf 25 Inf 8 26
128 40 232 229 179 71 181 214 175 9 15 Inf 3 Inf 152 74 59
68 132 31 50 Inf 73 73 29 109 21 1 Inf 114 19 95 Inf 49
70 29 4 90 50 17 125 39 123 46 114 18 4 4 136 39 111
85 Inf 46 22 117 12 122 83 99 Inf Inf 138 115 76 26 159 157
21 9 14 28 35 Inf 36 25 2 23 33 24 8 Inf Inf 19 20
134 76 170 164 135 246 137 Inf 248 206 26 238 251 29 242 184 28
135 150 111 48 250 154 5 166 Inf 179 121 149 98 236 67 115 236
94 18 158 21 112 101 170 36 47 43 36 28 61 147 Inf 43 123
90 107 Inf Inf 30 44 Inf 160 52 147 Inf 124 99 50 41 41 6
50 6 94 29 72 45 26 Inf 16 84 62 31 92 33 16 38 94
143 159 152 264 188 197 22 200 59 210 208 271 258 167 32 Inf Inf
19 9 7 6 4 32 21 Inf Inf 33 4 16 16 26 15 33 5
54 84 85 22 17 8 Inf 91 73 86 11 54 104 12 5 79 78
50 74 89 39 44 94 44 83 43 25 60 65 18 16 24 51 61
40 76 20 26 18 2 2 71 80 36 77 25 27 34 20 27 14
73 123 87 145 41 33 131 91 52 Inf 121 50 53 60 32 111 122
12 10 18 3 9 6 3 2 23 9 15 7 14 21 1 14 18
152 205 191 192 106 283 86 71 19 55 54 195 178 94 81 134 274
42 28 Inf 30 Inf 8 6 45 35 83 39 31 65 18 49 68 Inf
45 28 Inf Inf 53 22 54 Inf Inf Inf Inf 57 26 72 80 25 24
74 Inf Inf 88 107 84 114 139 Inf 103 20 70 147 83 119 86 61
26 Inf 11 2 1 36 39 10 44 28 7 38 43 46 25 Inf 16
11 5 4 1 Inf 1 14 16 12 6 12 3 2 11 8 12 4
31 5 19 28 Inf 45 10 61 22 62 7 1 20 5 4 14 29
50 11 8 80 12 87 47 54 27 98 6 35 88 26 9 65 95
102 28 183 56 Inf 61 98 100 193 102 58 37 146 84 Inf 176 175
46 13 77 Inf 30 44 18 Inf 75 61 5 91 88 70 22 54 17
35 22 15 36 4 63 69 29 2 43 9 53 61 7 Inf 15 15
40 25 55 Inf 32 10 48 39 68 9 74 28 70 1 8 70 9
2 Inf 3 1 1 1 1 Inf 1 1 4 2 2 2 3 Inf 1
1 2 1 1 2 2 1 1 1 Inf 1 1 1 2 1 2 1
3 2 2 1 3 6 2 2 1 6 2 1 1 3 6 4 5
13 10 15 3 14 11 18 16 3 14 2 20 22 22 21 9 25
16 10 20 Inf Inf Inf 24 23 Inf 31 26 Inf 20 Inf 23 8 22
25 28 27 7 30 8 1 20 Inf 4 Inf 19 16 41 7 33 40
21 Inf 34 13 35 28 2 29 34 9 Inf 16 Inf 19 3 34 42
43 40 27 14 3 4 28 66 10 77 29 64 17 68 69 54 84
30 2 30 31 Inf 34 7 2 37 14 4 23 9 51 22 43 Inf
83 15 6 21 62 73 76 99 25 72 Inf 58 58 68 5 21 29
89 3 68 33 34 6 27 124 164 47 144 46 164 156 157 24 99
56 54 56 15 43 7 59 12 8 39 87 93 5 Inf Inf 18 73
59 60 39 62 57 19 70 52 8 63 7 Inf 18 69 Inf 103 Inf
43 14 74 56 15 85 37 75 24 Inf 24 Inf 39 62 10 31 52
11 7 7 1 Inf 19 Inf 21 11 13 12 9 19 5 21 15 11
26 47 9 13 50 11 13 35 1 5 50 11 Inf 2 41 Inf 2
44 43 Inf 49 29 52 Inf 24 39 6 58 10 Inf 23 Inf 6 Inf
121 223 Inf 165 205 80 209 25 Inf 5 181 59 6 183 78 239 31
38 49 16 15 9 25 26 40 72 61 31 57 36 15 58 4 15
68 80 64 Inf 83 111 54 15 98 1 66 21 85 53 47 106 83
22 27 30 14 30 5 18 14 34 Inf 8 44 41 6 1 41 29
7 8 2 14 2 5 1 2 Inf 5 2 Inf 3 1 1 12 14
16 14 12 16 30 10 Inf 2 4 3 23 11 13 14 23 3 8
32 30 9 7 48 12 15 50 27 36 42 24 21 3 21 37 Inf
25 Inf 42 41 47 50 33 40 27 5 33 27 Inf Inf 29 Inf 38
27 14 24 25 40 Inf 13 14 24 53 Inf 45 8 37 6 12 22
156 120 Inf 272 Inf 16 51 Inf 156 183 Inf 194 91 54 18 305 201
28 56 3 32 29 47 7 Inf 22 37 4 33 35 16 38 2 24
15 5 29 2 29 10 2 6 16 7 6 2 16 4 26 12 9
26 33 9 48 11 35 4 9 Inf Inf 35 25 48 49 30 5 36
18 5 8 3 8 24 16 32 30 19 34 21 11 19 26 9 7
72 112 76 50 1 85 86 100 25 27 108 115 Inf Inf 48 137 29
23 33 33 8 6 16 12 22 23 20 41 11 35 29 4 2 5
27 7 32 Inf 18 23 9 11 5 Inf Inf 6 39 18 51 13 47
1 2
1 41
1 69
1 70
2 3
3 4
3 68
4 6
4 7
5 6
5 24
5 30
6 8
7 8
8 12
9 10
10 11
11 12
12 13
12 14
13 23
14 23
15 16
16 17
16 18
17 19
18 19
19 20
19 22
19 57
20 21
21 23
22 23
23 25
23 31
23 33
24 25
25 26
25 27
25 28
25 29
26 35
27 35
28 35
29 35
30 31
31 32
32 35
33 34
34 35
35 36
35 44
35 48
35 51
35 53
35 56
35 60
35 61
35 62
36 37
37 38
38 39
39 40
40 42
41 42
42 43
43 50
44 45
45 46
46 47
47 50
48 49
49 50
51 52
52 54
53 54
54 55
57 58
58 59
59 60
61 65
62 63
63 64
64 65
64 66
64 67-1 -1
