75
23 Inf 3 21 43 25 9 43 2 17 43 5 15 19 26 42 14 13 29
24 26 Inf 30 34 7 26 40 42 Inf Inf 16 22 Inf Inf 16 30 8 48
25 24 35 18 4 19 1 17 46 39 46 22 47 14 10 38 Inf 45 7
26 20 36 29 21 51 Inf 52 47 26 31 22 16 Inf 30 16 16 51 6
23 Inf 28 9 30 35 13 13 35 20 42 41 18 7 Inf 8 36 29 1
22 Inf Inf 12 38 32 Inf 28 1 Inf 10 1 9 Inf 3 5 21 18 14
6 1 10 5 10 5 5 8 12 11 6 Inf 8 5 9 9 2 2 6
22 24 27 Inf 22 Inf Inf 36 Inf 2 29 17 1 Inf 9 7 40 23 21
23 8 Inf 40 29 18 46 Inf Inf 29 38 1 24 Inf 13 5 15 21 4
21 22 11 8 22 2 7 Inf 11 6 15 3 20 42 Inf 6 20 9 4
22 44 7 26 21 14 37 42 16 9 43 44 3 Inf 33 44 41 2 20
15 7 17 8 23 10 4 Inf 6 21 17 Inf 14 Inf 27 Inf 10 20 Inf
5 8 5 5 6 Inf 5 Inf 4 10 9 8 Inf 9 Inf 3 3 4 9
23 11 45 15 18 10 21 5 20 43 17 29 22 8 3 35 36 21 15
4 4 7 Inf 4 4 4 7 7 6 4 8 7 8 6 6 1 Inf 3
26 1 16 40 37 6 4 1 2 6 14 14 26 3 47 2 11 5 2
21 Inf 5 40 20 7 5 24 24 8 1 13 16 2 24 32 18 28 Inf
5 6 4 1 Inf 2 2 3 Inf 5 10 1 1 3 Inf 6 1 3 4
24 47 41 43 9 19 11 6 14 23 41 15 14 15 21 21 5 38 16
25 40 7 15 42 22 32 8 9 Inf 29 47 16 28 Inf 33 44 15 Inf
26 26 4 39 39 9 40 47 Inf 6 7 Inf 32 13 38 Inf 7 15 51
26 51 13 4 22 2 36 40 40 43 48 20 26 37 3 32 36 Inf 34
24 34 1 18 2 2 25 12 23 8 37 10 12 21 41 Inf 22 34 7
27 Inf 11 20 Inf 22 47 35 Inf 11 30 10 7 40 27 39 25 38 25
20 32 14 18 1 Inf 7 24 39 2 30 Inf 14 12 38 6 13 17 23
23 5 4 5 9 44 11 28 Inf 36 18 25 37 20 8 16 38 21 38
25 42 14 43 8 14 31 7 28 11 30 40 26 27 27 49 33 Inf Inf
13 21 1 Inf 8 11 9 3 17 10 17 2 12 25 6 18 12 2 1
3 1 2 4 Inf 5 5 Inf 2 3 1 4 1 Inf 5 1 Inf 5 2
11 1 4 15 21 Inf Inf 11 22 11 2 2 10 Inf 4 20 18 1 19
21 4 34 5 34 2 33 Inf 16 37 38 6 32 23 40 29 27 22 3
22 33 21 35 5 19 Inf 6 14 38 15 33 29 7 30 41 2 42 13
21 32 16 11 3 38 41 16 Inf 36 41 Inf 17 16 10 11 26 Inf 36
22 8 Inf 12 20 2 6 Inf 23 4 25 14 12 17 39 12 23 12 41
25 3 42 11 28 7 24 11 Inf 37 39 29 4 38 8 30 21 20 27
8 12 4 2 5 11 1 1 11 16 Inf Inf 15 7 12 11 5 14 5
22 Inf 19 11 4 27 17 2 15 Inf 36 33 5 43 1 40 1 3 39
24 7 16 41 46 30 2 24 41 15 25 38 26 4 35 23 14 18 4
22 30 41 6 31 26 43 2 43 1 6 9 Inf 5 40 27 21 40 Inf
21 27 32 10 17 8 22 15 38 16 39 4 8 21 34 34 6 30 16
6 3 3 7 1 4 6 8 3 7 4 12 Inf 9 5 5 11 1 3
26 20 42 31 27 Inf 43 Inf 9 5 3 19 Inf 38 50 31 49 26 45
22 19 13 34 20 25 Inf Inf 16 Inf 19 31 42 13 Inf 19 Inf 18 12
6 9 2 5 5 10 2 3 3 10 Inf 1 6 7 10 Inf 3 12 4
21 30 2 4 16 21 12 Inf 37 26 37 39 41 37 2 33 5 41 34
25 1 37 36 35 18 5 20 9 Inf 37 27 28 27 9 Inf 50 45 22
11 3 3 15 21 2 3 19 9 8 10 4 17 2 8 16 13 11 16
22 3 20 20 Inf Inf 42 40 38 22 21 14 15 43 Inf 13 30 36 Inf
21 8 2 Inf 10 27 14 40 32 33 12 12 Inf 19 34 34 41 3 33
25 16 4 33 Inf Inf 10 26 48 43 4 22 7 19 35 22 29 4 45
22 28 37 33 4 7 22 Inf 20 28 44 34 26 2 40 40 Inf 36 13
22 43 39 24 23 34 30 44 1 34 24 Inf 3 10 11 37 Inf Inf 32
23 44 33 14 27 Inf 29 6 40 Inf 18 Inf 11 8 37 6 15 31 28
22 Inf 34 7 44 2 36 34 12 10 11 8 24 44 29 11 29 21 28
22 28 40 Inf 1 Inf 26 13 21 12 25 40 15 Inf 31 17 15 14 27
25 43 2 29 3 13 9 9 23 7 29 4 39 14 6 34 8 15 18
23 20 6 39 33 16 26 12 Inf 9 39 5 7 46 33 33 5 Inf Inf
21 32 Inf 42 41 18 3 41 21 15 15 19 17 19 14 35 4 30 Inf
22 42 7 6 5 33 11 9 20 12 28 14 Inf 3 Inf 5 12 40 24
22 3 9 41 13 2 5 Inf 8 17 44 22 17 15 19 7 6 40 8
22 16 10 10 32 Inf 44 42 38 33 13 Inf 30 Inf 8 23 25 16 5
22 18 23 Inf 10 Inf 3 20 Inf 35 4 5 36 37 Inf 30 13 17 40
21 2 6 20 41 19 8 39 6 30 27 Inf Inf 18 38 32 Inf Inf 6
27 8 19 17 14 26 31 54 15 Inf 41 29 24 28 5 48 35 12 35
23 28 38 11 42 2 Inf 19 34 Inf 28 22 2 14 Inf Inf 24 6 25
2 1 1 3 2 1 Inf 3 1 4 4 Inf 3 2 4 4 4 4 Inf
26 15 38 42 40 45 Inf 30 28 23 41 46 36 12 44 7 42 Inf Inf
25 5 22 Inf 42 Inf 11 32 18 3 2 38 8 25 49 46 7 14 21
24 4 31 35 42 14 5 35 26 Inf 47 Inf 22 9 28 37 20 22 Inf
22 42 8 Inf 10 39 27 34 Inf 3 3 40 14 Inf 39 27 38 42 25
24 25 21 16 42 26 Inf 35 Inf 48 Inf 11 2 38 13 26 28 Inf 43
4 5 5 5 7 Inf Inf 4 1 Inf 8 1 1 3 Inf 4 2 5 4
22 7 9 27 6 2 20 33 37 10 37 29 4 29 26 32 Inf 28 4
10 8 Inf Inf 3 Inf 9 20 20 9 11 5 5 7 4 Inf 1 3 1
25 6 2 11 29 40 Inf 28 40 13 1 10 30 25 42 16 30 Inf 40
1 2
1 3
1 4
1 5
1 6
1 7
2 15
3 13
3 24
4 8
4 14
4 16
5 12
5 15
6 9
6 10
6 11
6 13
9 20
9 24
10 18
12 19
13 22
15 17
15 20
15 23
16 21
16 26
17 30
18 26
18 30
20 27
21 33
24 25
25 28
25 30
25 33
25 34
26 31
26 32
26 41
27 29
27 35
27 36
31 37
31 39
32 44
32 45
33 41
35 38
35 42
36 40
36 43
39 51
40 46
42 47
43 48
43 50
46 51
46 48
47 49
47 50
47 52
47 53
49 59
49 61
49 62
50 54
50 55
50 60
50 62
52 56
52 57
53 58
55 63
58 65
59 64
59 66
62 67
66 68
68 69
68 70
68 71
68 72
68 73
68 74
68 75
-1 -1
